1.118548432123978031e+00
1.117303563573848413e+00
1.119226951740614817e+00
1.117528268911231137e+00
1.117979917191922246e+00
1.118431931190465578e+00
1.117413286265561689e+00
1.119450466129437993e+00
1.118996316238772160e+00
1.118655781322883902e+00
1.119675382798035690e+00
1.119561272926973938e+00
1.117748480255132071e+00
1.118200308862266068e+00
1.119332466432427564e+00
1.119218425869258571e+00
1.119331154285129859e+00
1.118084532225873895e+00
1.119329842032622313e+00
1.118762494298532584e+00
1.117517135270654549e+00
1.118421443353573963e+00
1.118420787640379332e+00
1.118646601503391347e+00
1.119212520739366390e+00
1.118645289680002985e+00
1.117626243914634721e+00
1.117173566051678391e+00
1.117964189912216799e+00
1.119322622763052166e+00
1.118076009858940623e+00
1.118188508177140328e+00
1.118414229062749010e+00
1.118413573060408117e+00
1.117847147648415751e+00
1.117959599938317394e+00
1.117619688930217903e+00
1.116715359114428985e+00
1.117279328661387128e+00
1.117165702621539358e+00
1.117730128119561073e+00
1.118068795156543560e+00
1.117615754678568107e+00
1.117163080637809225e+00
1.117614443051162754e+00
1.117387732629439911e+00
1.117161113874241662e+00
1.117273428246823741e+00
1.117272772513869805e+00
1.117046199836892129e+00
1.117045544184002148e+00
1.116819063196346162e+00
1.116818407623486165e+00
1.116479185608029390e+00
1.116704218180228247e+00
1.116703562594854482e+00
1.117041609715095030e+00
1.117040953878345233e+00
1.116927374410594531e+00
1.116588084918511914e+00
1.116587429268108611e+00
1.116812506285996154e+00
1.117150620475930944e+00
1.116924095033028808e+00
1.116697661144799625e+00
1.116584150622205618e+00
1.116583494814245903e+00
1.116695693522068655e+00
1.116469351451886860e+00
1.116581527232797688e+00
1.117032425610083424e+00
1.116693069657394455e+00
1.116692413625562486e+00
1.117030456917651238e+00
1.117255714235391384e+00
1.116916221847471524e+00
1.116802665995825228e+00
1.116802009766331372e+00
1.116575623070240608e+00
1.116462135982400961e+00
1.116687164425282930e+00
1.116912283836001718e+00
1.117137494269747178e+00
1.117023892901621851e+00
1.116684539194679138e+00
1.116796758984579307e+00
1.117021923184389198e+00
1.116795446026402683e+00
1.117133554358105796e+00
1.117132897614173670e+00
1.116680600560616687e+00
1.116905718381453472e+00
1.117356884127424399e+00
1.117017326257673249e+00
1.117129613500237539e+00
1.117128956598591571e+00
1.117128299670658409e+00
1.117127642716437830e+00
1.117126985735928724e+00
1.117126328729131757e+00
1.117125671696045375e+00
1.116899150298894083e+00
1.116672720454763068e+00
1.116784938576992348e+00
1.116897179361597381e+00
1.116670749837036292e+00
1.116782967681222649e+00
1.117121071728311543e+00
1.117233380448541924e+00
1.117119757215189413e+00
1.116780339452215776e+00
1.116666807891982582e+00
1.117004842392653297e+00
1.117004185084230716e+00
1.116890607861954932e+00
1.116551328045753522e+00
1.116550670924197686e+00
1.116662865000713989e+00
1.116662207760169556e+00
1.117000240681537360e+00
1.116886663700259685e+00
1.116773109653770968e+00
1.116659578535117436e+00
1.116433242318921604e+00
1.116432585053510840e+00
1.116770479847460251e+00
1.116882718592013157e+00
1.116317808147250679e+00
1.116204368750693954e+00
1.116316493512708119e+00
1.116315836156011043e+00
1.116540810946607731e+00
1.116314521363764634e+00
1.116313863928213523e+00
1.116538838241307285e+00
1.116425353399129738e+00
1.116311891463845463e+00
1.116198452428512233e+00
1.115972300423936581e+00
1.116084378825777268e+00
1.116309261143334952e+00
1.116308603497486951e+00
1.116420749781071198e+00
1.116307288126922259e+00
1.116081091129470071e+00
1.116305972651197242e+00
1.116418118563760498e+00
1.116191876240133718e+00
1.115965725301262701e+00
1.115965067644439035e+00
1.116189902871001172e+00
1.116076487250648563e+00
1.115963094516256637e+00
1.115962436754291298e+00
1.116187271344088128e+00
1.116299393695043829e+00
1.116185955422879461e+00
1.116298077588281590e+00
1.116184639396497813e+00
1.116071224097543446e+00
1.116408905989932476e+00
1.116295445059199087e+00
1.115956515713650621e+00
1.116181348870389112e+00
1.116406272879223449e+00
1.116180032475873940e+00
1.116066617458259635e+00
1.116178715976170022e+00
1.116065301038958513e+00
1.115951908987562691e+00
1.115838539815046548e+00
1.115725193514478741e+00
1.115837223451333182e+00
1.115949275994203127e+00
1.116061351149938430e+00
1.116173448925393386e+00
1.115947300973081813e+00
1.115946642580115444e+00
1.116058717364625696e+00
1.116058058852547497e+00
1.116057400314168779e+00
1.116169497532651489e+00
1.116056083158506462e+00
1.116168180191307480e+00
1.116167521481177483e+00
1.116166862744742083e+00
1.116053448531552528e+00
1.116052789809055090e+00
1.116164886377596588e+00
1.116164227535933362e+00
1.116163568667962958e+00
1.116050154656017757e+00
1.116049495801994196e+00
1.116274369676422129e+00
1.116273710636631833e+00
1.116160273933473501e+00
1.116159614907645814e+00
1.115933469197757599e+00
1.115820101151327792e+00
1.116044883087216721e+00
1.116156978541218425e+00
1.116156319383830198e+00
1.116381237334365117e+00
1.116042246671396176e+00
1.115928856028178151e+00
1.116153682491141108e+00
1.115814829174345713e+00
1.116152363886907972e+00
1.116151704545317314e+00
1.116038291258310000e+00
1.116263162421136101e+00
1.116262502933966339e+00
1.116149066915786303e+00
1.115810214813347301e+00
1.115922263549590232e+00
1.116034334897911595e+00
1.116259205103303564e+00
1.116371344421974277e+00
1.116370684683891668e+00
1.116031696797980644e+00
1.116143790393422375e+00
1.116368705311685972e+00
1.116255246837855708e+00
1.116367385598578510e+00
1.116253927205441698e+00
1.116027738858514251e+00
1.116139831896146184e+00
1.116251947559372404e+00
1.115800322555459800e+00
1.116025099705781898e+00
1.116024439851792227e+00
1.116023779971479168e+00
1.116135872451188726e+00
1.116135212451553338e+00
1.116247327463725680e+00
1.116021140186980620e+00
1.115907750833610823e+00
1.116358144657838114e+00
1.116244686829804822e+00
1.116356824102120004e+00
1.116243366354851219e+00
1.116242706077874791e+00
1.116129271270040801e+00
1.115903130479633187e+00
1.116127950717846096e+00
1.116578524398774253e+00
1.116239404297975746e+00
1.116125969692059350e+00
1.116238083401666525e+00
1.116237422914006849e+00
1.116236762400009574e+00
1.116010576836569346e+00
1.116009916403357449e+00
1.116347577262307267e+00
1.116346916576200332e+00
1.116007934945719260e+00
1.116232798762916811e+00
1.116119364561003247e+00
1.115893225377003306e+00
1.115892564826176825e+00
1.115891904249016742e+00
1.116229495007646122e+00
1.116003310622827316e+00
1.116228173321141881e+00
1.116227512438374703e+00
1.116452465849935960e+00
1.116113417691140475e+00
1.115887279471511340e+00
1.116112095874750576e+00
1.116449821415649746e+00
1.116223546588529070e+00
1.116335680881643144e+00
1.116109451925848539e+00
1.116334358534619486e+00
1.115882653403472480e+00
1.116333036082192587e+00
1.116106807555426572e+00
1.116444531282168695e+00
1.115992735895517507e+00
1.116556048914656207e+00
1.116329729489964784e+00
1.116216273400320702e+00
1.116328406668599449e+00
1.115989429910206665e+00
1.116665604034064785e+00
1.116213627814090170e+00
1.115874719998210196e+00
1.116437916243323780e+00
1.116324437571974748e+00
1.116549432680009390e+00
1.116435931217677036e+00
1.116209658644132352e+00
1.116321790980415507e+00
1.116321129266628853e+00
1.115869428953744968e+00
1.115981492857937241e+00
1.116319143967108962e+00
1.115867444377315776e+00
1.115979508001967213e+00
1.116655675712790341e+00
1.116316496532026026e+00
1.116315834607349400e+00
1.116653689336585265e+00
1.116314510678905858e+00
1.115975537578458798e+00
1.116426002530467976e+00
1.115861489225038472e+00
1.116086299389358771e+00
1.115972890102328252e+00
1.116423353878635449e+00
1.115971566206114041e+00
1.116196421224473934e+00
1.116082989248532886e+00
1.116195096902536266e+00
1.116307227187335993e+00
1.116306564893533748e+00
1.115742168656296274e+00
1.116192447942266019e+00
1.115853545701239291e+00
1.116303915454624152e+00
1.116190460945204688e+00
1.116302590576943699e+00
1.115963620614527807e+00
1.116075704618710640e+00
1.116075042221438496e+00
1.115961633623457683e+00
1.116186486239104436e+00
1.116185823695789781e+00
1.115734222771945783e+00
1.115733560443574079e+00
1.116183835907609501e+00
1.116521615700664993e+00
1.115506241264880849e+00
1.116069079459368174e+00
1.116293976300576585e+00
1.115955008606036358e+00
1.116179859619153669e+00
1.115728260867520749e+00
1.115953020586607947e+00
1.116403475539493595e+00
1.116177208232664864e+00
1.116402149472766281e+00
1.116288672991743391e+00
1.115836984500857554e+00
1.116061788738089922e+00
1.115835658892894156e+00
1.116511669788620820e+00
1.115608957632445719e+00
1.115833670283156609e+00
1.115945729151321064e+00
1.115719645457378340e+00
1.115944403092935744e+00
1.116169251540803264e+00
1.116055821228588929e+00
1.115716993665356371e+00
1.116280051513711458e+00
1.115828366163389651e+00
1.116053168316255118e+00
1.115939761057671342e+00
1.116051841701792835e+00
1.116276734373247370e+00
1.116614575688852140e+00
1.116162618062121803e+00
1.116161954569128145e+00
1.116274080185867268e+00
1.116160627503976599e+00
1.115934454291665379e+00
1.116159300333268156e+00
1.115933127336330433e+00
1.115594370768040244e+00
1.116044543435718017e+00
1.115818416388600465e+00
1.115817752859227463e+00
1.116268106720327502e+00
1.115816425721329219e+00
1.115703064833526659e+00
1.115815098477890732e+00
1.115589063288655147e+00
1.115813771128907117e+00
1.116376934149254874e+00
1.116376270073404564e+00
1.115586408915830496e+00
1.115585745256668204e+00
1.115810452294672572e+00
1.116035250115349653e+00
1.115583754120880178e+00
1.115808460677465419e+00
1.115807796752283032e+00
1.115581762747629435e+00
1.115693772482090340e+00
1.116031265680142548e+00
1.116030601515218601e+00
1.115917195639148929e+00
1.116142037506815399e+00
1.116254160318983057e+00
1.115464464865906669e+00
1.115914538878288509e+00
1.116139380103463141e+00
1.116251502541477647e+00
1.115574459013899178e+00
1.116250173494288012e+00
1.116249508931081991e+00
1.115572466532334328e+00
1.115459152434921108e+00
1.116360324331635789e+00
1.116472491580624338e+00
1.115907895128246841e+00
1.115794512705957198e+00
1.116019306672265010e+00
1.115905901488415619e+00
1.115567152086871294e+00
1.116242861846524326e+00
1.116693568685891425e+00
1.115903242932324790e+00
1.115677166131901155e+00
1.115789196130851479e+00
1.116352345756191244e+00
1.115675172261205939e+00
1.115787201979543841e+00
1.115899254306027544e+00
1.116349685385732871e+00
1.116574704856654554e+00
1.115671848615343631e+00
1.115783877865932361e+00
1.116008669260811104e+00
1.116233551490789955e+00
1.116007339108988416e+00
1.116006673993456877e+00
1.115442540201178057e+00
1.115554523507962026e+00
1.116681591960974718e+00
1.116455197424562007e+00
1.116906080758121256e+00
1.116115444459487405e+00
1.116114779091826437e+00
1.116226898066550399e+00
1.116564722288475142e+00
1.116000021385300078e+00
1.115661208512475966e+00
1.116337042853042139e+00
1.115885286626748574e+00
1.115997359602345140e+00
1.116109455199387313e+00
1.115770574809205939e+00
1.115882624795679456e+00
1.116220242000020679e+00
1.115543216173546126e+00
1.116557397958877207e+00
1.116443880048752169e+00
1.115428573173381732e+00
1.115540554515057181e+00
1.115990703295479891e+00
1.115764584986632446e+00
1.115425911466738196e+00
1.115763253624342921e+00
1.115424580454945191e+00
1.115649230314925022e+00
1.115761256382753031e+00
1.116550070430492037e+00
1.116549404132910261e+00
1.115871973244096704e+00
1.115758593024056111e+00
1.115757927118323778e+00
1.115644569815478437e+00
1.115193366254729535e+00
1.115755929242578715e+00
1.116093473374593081e+00
1.115416592165359599e+00
1.116317727961307460e+00
1.116429889213572890e+00
1.116542073114264344e+00
1.115977382753900127e+00
1.116089475539573161e+00
1.116088809141210669e+00
1.116313729000941946e+00
1.115861981270474201e+00
1.115523243432324341e+00
1.116198924825753780e+00
1.116423889571738881e+00
1.116536072627942522e+00
1.115971385060821719e+00
1.115745269888293700e+00
1.116646944419179333e+00
1.116082143703470697e+00
1.115517913351876889e+00
1.116080810298637926e+00
1.115967385409098345e+00
1.115853983409555106e+00
1.116417220790520082e+00
1.115965385226299622e+00
1.116303060452420448e+00
1.116866752590673917e+00
1.116753167809635405e+00
1.115737270931990599e+00
1.115962051059464555e+00
1.116638271359149392e+00
1.116863415462193254e+00
1.116298390833322607e+00
1.116297723639070982e+00
1.116522730542780062e+00
1.115394604750993501e+00
1.115056144576688890e+00
1.115055478017615398e+00
1.114942259215357723e+00
1.115617246600223211e+00
1.115841979479673896e+00
1.115503246908501334e+00
1.116178915384486547e+00
1.115727266882825974e+00
1.115839310776167492e+00
1.115613244353577338e+00
1.115162052201357890e+00
1.115724598131546674e+00
1.115836641649496030e+00
1.115835974301705447e+00
1.115835306927464465e+00
1.115721928957124520e+00
1.115721261597398817e+00
1.115720594211226047e+00
1.115832637165993235e+00
1.115831969659496048e+00
1.115718591894007572e+00
1.115717924402035655e+00
1.115829966981286780e+00
1.115829299368975791e+00
1.115828631730210851e+00
1.115827964064990852e+00
1.115714586545399234e+00
1.115713918894714496e+00
1.115713251217576030e+00
1.115712583513983835e+00
1.115711915783937025e+00
1.115823957518093934e+00
1.115823289667677187e+00
1.115822621790802271e+00
1.115821953887468521e+00
1.115821285957675046e+00
1.115820618001422515e+00
1.115819950018708706e+00
1.115819282009534952e+00
1.115818613973900142e+00
1.115817945911803388e+00
1.115817277823244913e+00
1.115703900959768236e+00
1.115703232885773666e+00
1.115702564785318263e+00
1.115701896658401582e+00
1.115701228505023623e+00
1.115700560325183499e+00
1.115699892118880765e+00
1.115811932162091846e+00
1.115811263835354783e+00
1.115810595482152445e+00
1.115697219029037512e+00
1.115696550690416622e+00
1.115808590263740241e+00
1.115695213933778129e+00
1.115807253319125891e+00
1.115806584807115032e+00
1.115805916268634457e+00
1.115805247703684389e+00
1.115804579112263939e+00
1.115803910494372220e+00
1.115803241850009453e+00
1.115802573179174528e+00
1.115801904481867890e+00
1.115801235758088206e+00
1.115800567007835475e+00
1.115687191170682047e+00
1.115799229427909545e+00
1.115685853672921724e+00
1.115685184884333658e+00
1.115684516069273213e+00
1.115683847227739500e+00
1.115683178359732075e+00
1.115682509465250494e+00
1.115681840544294312e+00
1.115793878049192278e+00
1.115680502622958370e+00
1.115679833622576167e+00
1.115791870845298517e+00
1.115791201724376069e+00
1.115790532576974137e+00
1.115789863403091831e+00
1.115676488223516616e+00
1.115788524975884322e+00
1.115787855722559341e+00
1.115787186442751766e+00
1.115786517136461597e+00
1.115785847803688613e+00
1.115785178444433257e+00
1.115784509058693086e+00
1.115783839646468989e+00
1.115670464837031917e+00
1.115782500742566574e+00
1.115781831250887590e+00
1.115668456564870459e+00
1.115667787087849305e+00
1.115667117584344670e+00
1.115779153019306635e+00
1.115778483395193366e+00
1.115665108914920101e+00
1.115664439305474431e+00
1.115776474363922022e+00
1.115775804633853063e+00
1.115775134877294628e+00
1.115661760602821850e+00
1.115773795284705106e+00
1.115773125448673797e+00
1.115772455586150569e+00
1.115659081476358727e+00
1.115771115781628131e+00
1.115770445839627589e+00
1.115769775871133351e+00
1.115769105876145195e+00
1.115768435854662455e+00
1.115767765806684464e+00
1.115767095732212333e+00
1.115766425631244063e+00
1.115765755503779211e+00
1.115652381805843252e+00
1.115764415169360202e+00
1.115763744962404269e+00
1.115650371388068995e+00
1.115649701195820631e+00
1.115761734182548315e+00
1.115648360731833266e+00
1.115760393530148331e+00
1.115759723164198247e+00
1.115759052771747806e+00
1.115758382352796119e+00
1.115645009108160890e+00
1.115644338703930538e+00
1.115756370936931363e+00
1.115755700411970697e+00
1.115755029860507452e+00
1.115754359282540742e+00
1.115753688678069455e+00
1.115753018047093370e+00
1.115752347389612931e+00
1.115751676705626805e+00
1.115751005995134326e+00
1.115750335258135717e+00
1.115749664494630977e+00
1.115748993704618330e+00
1.115748322888097777e+00
1.115747652045069982e+00
1.115746981175532504e+00
1.115746310279486675e+00
1.115745639356931163e+00
1.115632266895905778e+00
1.115744297432290644e+00
1.115743626430203861e+00
1.115742955401606729e+00
1.115742284346497026e+00
1.115741613264875864e+00
1.115628241051473513e+00
1.115740271022094943e+00
1.115739599860934517e+00
1.115738928673260411e+00
1.115738257459071514e+00
1.115737586218368271e+00
1.115736914951150016e+00
1.115736243657415638e+00
1.115735572337165360e+00
1.115734900990398071e+00
1.115734229617113993e+00
1.115733558217312682e+00
1.115732886790993250e+00
1.115732215338156363e+00
1.115731543858800023e+00
1.115730872352924230e+00
1.115730200820529650e+00
1.115616829309163283e+00
1.115728857676178354e+00
1.115728186064221417e+00
1.115727514425743250e+00
1.115726842760743187e+00
1.115613471455981554e+00
1.115612799805787203e+00
1.115612128129071401e+00
1.115724155835515985e+00
1.115723484037900004e+00
1.115722812213759241e+00
1.115722140363094139e+00
1.115721468485903145e+00
1.115720796582186702e+00
1.115720124651943701e+00
1.115719452695173697e+00
1.115718780711876690e+00
1.115718108702052236e+00
1.115717436665699669e+00
1.115716764602818545e+00
1.115716092513407975e+00
1.115715420397469071e+00
1.115714748255000055e+00
1.115714076085999817e+00
1.115713403890469912e+00
1.115712731668408120e+00
1.115712059419815549e+00
1.115711387144690203e+00
1.115710714843032969e+00
1.115710042514842293e+00
1.115709370160118841e+00
1.115708697778860392e+00
1.115708025371068945e+00
1.115707352936742058e+00
1.115706680475879953e+00
1.115706007988482629e+00
1.115705335474549198e+00
1.115704662934079439e+00
1.115703990367072240e+00
1.115703317773527825e+00
1.115702645153446193e+00
1.115701972506825790e+00
1.115701299833666837e+00
1.115700627133968892e+00
1.115699954407731287e+00
1.115699281654953579e+00
1.115698608875635323e+00
1.115697936069775853e+00
1.115697263237376058e+00
1.115696590378433495e+00
1.115695917492949052e+00
1.115695244580922063e+00
1.115694571642351862e+00
1.115693898677237783e+00
1.115693225685580048e+00
1.115692552667378212e+00
1.115691879622630944e+00
1.115691206551338244e+00
1.115690533453500111e+00
1.115689860329115657e+00
1.115689187178184882e+00
1.115688514000706233e+00
1.115687840796680819e+00
1.115687167566106641e+00
1.115686494308984589e+00
1.115685821025313551e+00
1.115797865955921564e+00
1.115684474378323188e+00
1.115796519119772956e+00
1.115683127625131554e+00
1.115682454208710039e+00
1.115681780765736431e+00
1.115681107296210950e+00
1.115680433800132709e+00
1.115679760277501931e+00
1.115679086728317726e+00
1.115678413152579873e+00
1.115677739550288150e+00
1.115677065921441447e+00
1.115676392266039541e+00
1.115675718584082210e+00
1.115675044875569455e+00
1.115674371140499277e+00
1.115673697378872786e+00
1.115673023590688873e+00
1.115672349775948202e+00
1.115671675934648333e+00
1.115671002066789708e+00
1.115670328172372550e+00
1.115669654251395970e+00
1.115668980303859303e+00
1.115781022869096084e+00
1.115667632329104597e+00
1.115666958301885225e+00
1.115666284248104434e+00
1.115665610167761113e+00
1.115664936060855705e+00
1.115664261927387324e+00
1.115663587767354858e+00
1.115662913580759197e+00
1.115662239367598785e+00
1.115774280986140843e+00
1.115660890861582821e+00
1.115772932290748587e+00
1.115659542249304526e+00
1.115658867903316143e+00
1.115658193530760123e+00
1.115657519131636688e+00
1.115656844705945616e+00
1.115656170253686019e+00
1.115655495774857897e+00
1.115654821269460362e+00
1.115766861846276603e+00
1.115653472178955941e+00
1.115652797593847723e+00
1.115652122982168759e+00
1.115764163180082091e+00
1.115763488447098384e+00
1.115650098987702066e+00
1.115649424269734791e+00
1.115761464088694366e+00
1.115760789249408136e+00
1.115760114383544943e+00
1.115759439491104565e+00
1.115758764572085893e+00
1.115758089626490035e+00
1.115757414654314772e+00
1.115756739655560770e+00
1.115756064630227806e+00
1.115755389578314549e+00
1.115754714499820999e+00
1.115866775985571824e+00
1.115866100785700921e+00
1.115865425559245061e+00
1.115864750306204689e+00
1.115864075026579361e+00
1.115863399720368188e+00
1.115862724387570948e+00
1.115862049028186753e+00
1.115974132471404534e+00
1.115973456990595247e+00
1.115972781483195231e+00
1.116084887364661826e+00
1.116084211735806520e+00
1.116083536080356930e+00
1.116082860398312171e+00
1.116194988629907181e+00
1.116194312826374047e+00
1.116193636996241745e+00
1.116192961139509610e+00
1.116192285256177863e+00
1.116191609346245617e+00
1.116303759744838864e+00
1.116303083713377831e+00
1.116302407655311857e+00
1.116301731570640499e+00
1.116413904332743012e+00
1.116300379321483405e+00
1.116412551893666505e+00
1.116411875634214512e+00
1.116411199348153138e+00
1.116410523035481495e+00
1.116409846696198915e+00
1.116409170330306067e+00
1.116521365082674189e+00
1.116520688595169952e+00
1.116520012081050339e+00
1.116632229305284607e+00
1.116631552669525185e+00
1.116743792467456586e+00
1.116743115710029377e+00
1.116629522602529789e+00
1.116741762115308401e+00
1.116741085278011303e+00
1.116740408414091723e+00
1.116739731523547663e+00
1.116739054606377568e+00
1.116738377662583215e+00
1.116737700692162827e+00
1.116737023695116626e+00
1.116736346671443281e+00
1.116848608099058282e+00
1.116847930953655865e+00
1.116847253781622751e+00
1.116846576582959161e+00
1.116845899357663097e+00
1.116845222105735669e+00
1.116844544827175545e+00
1.116843867521983391e+00
1.116843190190156543e+00
1.116842512831696776e+00
1.116841835446602982e+00
1.116841158034874493e+00
1.116840480596510865e+00
1.116839803131511433e+00
1.116839125639876418e+00
1.116838448121604266e+00
1.116837770576696753e+00
1.116837093005150994e+00
1.116836415406966987e+00
1.116835737782145621e+00
1.116835060130685564e+00
1.116834382452586372e+00
1.116833704747848044e+00
1.116833027016468582e+00
1.116832349258450430e+00
1.116831671473790477e+00
1.116830993662488947e+00
1.116830315824546282e+00
1.116829637959962263e+00
1.116828960068734444e+00
1.116828282150863716e+00
1.116827604206350077e+00
1.116826926235192197e+00
1.116939207299616710e+00
1.116825570212942598e+00
1.116824892161850880e+00
1.116937172940599465e+00
1.116936494767629684e+00
1.116935816568011219e+00
1.116935138341742961e+00
1.116934460088824244e+00
1.116933781809255288e+00
1.116933103503034763e+00
1.116932425170162890e+00
1.116931746810639670e+00
1.116931068424463547e+00
1.116930390011634744e+00
1.116929711572152595e+00
1.116929033106017544e+00
1.116928354613227370e+00
1.117040656841921775e+00
1.117039978227185149e+00
1.117039299585791179e+00
1.117038620917737868e+00
1.117037942223025215e+00
1.117037263501654110e+00
1.117149587948842671e+00
1.117148909105483590e+00
1.117148230235461837e+00
1.117147551338775191e+00
1.117146872415423875e+00
1.117259219183079910e+00
1.117258540137704870e+00
1.117257861065661162e+00
1.117257181966948121e+00
1.117256502841566412e+00
1.117255823689514704e+00
1.117368192688928064e+00
1.117367513414811553e+00
1.117366834114020824e+00
1.117366154786555432e+00
1.117478546215195934e+00
1.117477866765631989e+00
1.117477187289389828e+00
1.117476507786469231e+00
1.117475828256869086e+00
1.117475148700589838e+00
1.117474469117630154e+00
1.117586882695877248e+00
1.117586202990774158e+00
1.117585523258987079e+00
1.117697959375364203e+00
1.117697279521403741e+00
1.117696599640755517e+00
1.117695919733417975e+00
1.117808378299220751e+00
1.117807698269676298e+00
1.117807018213439640e+00
1.117806338130510335e+00
1.117805658020887272e+00
1.117918138947324724e+00
1.117917458715457224e+00
1.117916778456891969e+00
1.117916098171629624e+00
1.117915417859668414e+00
1.117914737521008783e+00
1.117914057155649621e+00
1.118026560258251534e+00
1.118025879770603970e+00
1.118025199256253321e+00
1.118024518715198257e+00
1.118137044287389692e+00
1.118136363624012253e+00
1.118135682933927066e+00
1.118135002217134133e+00
1.118134321473632786e+00
1.118133640703421694e+00
1.118246188560668930e+00
1.118245507668094829e+00
1.118244826748807652e+00
1.118244145802806733e+00
1.118356716143119156e+00
1.118356035074721033e+00
1.118355353979605837e+00
1.118354672857771792e+00
1.118467265687920875e+00
1.118466584443656098e+00
1.118465903172669362e+00
1.118465221874960669e+00
1.118464540550529129e+00
1.118463859199373411e+00
1.118576474334645354e+00
1.118575792861018048e+00
1.118575111360663676e+00
1.118574429833580908e+00
1.118573748279770408e+00
1.118686385822592610e+00
1.118685704146273219e+00
1.118685022443220545e+00
1.118797682591927689e+00
1.118797000766336369e+00
1.118796318914008214e+00
1.118795637034943891e+00
1.118794955129142066e+00
1.118907637698902668e+00
1.118906955670523562e+00
1.118906273615403624e+00
1.118905591533542188e+00
1.118904909424938587e+00
1.118904227289592379e+00
1.119016932191257085e+00
1.119016249933292961e+00
1.119015567648582676e+00
1.119014885337125120e+00
1.119014202998919627e+00
1.119013520633966419e+00
1.119012838242264829e+00
1.119125565386581700e+00
1.119011473378615396e+00
1.119010790906665553e+00
1.119123517763232378e+00
1.119122835168609775e+00
1.119122152547233684e+00
1.119121469899103438e+00
1.119120787224218372e+00
1.119120104522578485e+00
1.119119421794182889e+00
1.119118739039031585e+00
1.119231488048756828e+00
1.119230805170884357e+00
1.119230122266251515e+00
1.119229439334858078e+00
1.119228756376704048e+00
1.119228073391788758e+00
1.119227390380111542e+00
1.119226707341671734e+00
1.119226024276470222e+00
1.119225341184505007e+00
1.119224658065775868e+00
1.119223974920283915e+00
1.119223291748026705e+00
1.119222608549005349e+00
1.119221925323218514e+00
1.119221242070665090e+00
1.119220558791346853e+00
1.119219875485261362e+00
1.119219192152408615e+00
1.119218508792788391e+00
1.119217825406400690e+00
1.119217141993243736e+00
1.119216458553318638e+00
1.119215775086624509e+00
1.119215091593160460e+00
1.119214408072926048e+00
1.119213724525920828e+00
1.119213040952145466e+00
1.119212357351597520e+00
1.119211673724278766e+00
1.119210990070186762e+00
1.119210306389322618e+00
1.119209622681684779e+00
1.119208938947273912e+00
1.119208255186088241e+00
1.119207571398128209e+00
1.119206887583393373e+00
1.119206203741882621e+00
1.119092090713783572e+00
1.119204835978533819e+00
1.119090723035506940e+00
1.119090039156206862e+00
1.119089355250131979e+00
1.119088671317282069e+00
1.119087987357656022e+00
1.119087303371253617e+00
1.119086619358074408e+00
1.119085935318118619e+00
1.118971845773957918e+00
1.118971161749770182e+00
1.118970477698806754e+00
1.118969793621067854e+00
1.118969109516551930e+00
1.118968425385258536e+00
1.118967741227188339e+00
1.118967057042339563e+00
1.118966372830713096e+00
1.118965688592307162e+00
1.118851622525082190e+00
1.118850938302455189e+00
1.118850254053050719e+00
1.118736211157842941e+00
1.118735526924213186e+00
1.118734842663807960e+00
1.118734158376625709e+00
1.118620138688939614e+00
1.118619454417531411e+00
1.118618770119348627e+00
1.118618085794389927e+00
1.118617401442654868e+00
1.118616717064143895e+00
1.118502720662030825e+00
1.118502036299295899e+00
1.118388063005510746e+00
1.118387378658547426e+00
1.118386694284811078e+00
1.118386009884300591e+00
1.118385325457016632e+00
1.118384641002957869e+00
1.118383956522123635e+00
1.118383272014514596e+00
1.118382587480129420e+00
1.118268637585473790e+00
1.118267953066867326e+00
1.118267268521486946e+00
1.118266583949332205e+00
1.118265899350400883e+00
1.118265214724694756e+00
1.118264530072211604e+00
1.118263845392952316e+00
1.118263160686915780e+00
1.118262475954101554e+00
1.118261791194509192e+00
1.118261106408138472e+00
1.118260421594989173e+00
1.118259736755059519e+00
1.118259051888351063e+00
1.118145125641242243e+00
1.118257682074592196e+00
1.118143755912642368e+00
1.118256312153709464e+00
1.118255627153095233e+00
1.118254942125698204e+00
1.118141016134093668e+00
1.118140331122505993e+00
1.118139646084136851e+00
1.118252201748277441e+00
1.118251516586962202e+00
1.118250831398861722e+00
1.118250146183975113e+00
1.118249460942303486e+00
1.118248775673844397e+00
1.118248090378598958e+00
1.118247405056566501e+00
1.118246719707745696e+00
1.118246034332137429e+00
1.118245348929740368e+00
1.118244663500553626e+00
1.118243978044577869e+00
1.118243292561812430e+00
1.118242607052255977e+00
1.118128681827654791e+00
1.118241235952771140e+00
1.118240550362841423e+00
1.118239864746119361e+00
1.118239179102604730e+00
1.118238493432297531e+00
1.118237807735195766e+00
1.118237122011300766e+00
1.118236436260611866e+00
1.118235750483127733e+00
1.118235064678848367e+00
1.118234378847773325e+00
1.118233692989902162e+00
1.118233007105234655e+00
1.118232321193770362e+00
1.118231635255507728e+00
1.118230949290448306e+00
1.118230263298589655e+00
1.118229577279932663e+00
1.118228891234476219e+00
1.118228205162220545e+00
1.118227519063164754e+00
1.118226832937308624e+00
1.118226146784651043e+00
1.118225460605192012e+00
1.118224774398931309e+00
1.118224088165868713e+00
1.118223401906002890e+00
1.118335976301560342e+00
1.118222029305862009e+00
1.118221342965585841e+00
1.118220656598504670e+00
1.118219970204618940e+00
1.118219283783927320e+00
1.118331857601530865e+00
1.118217910862127518e+00
1.118217224361017559e+00
1.118329797889600963e+00
1.118329111265338183e+00
1.118328424614264183e+00
1.118327737936378963e+00
1.118327051231682523e+00
1.118326364500173087e+00
1.118325677741851765e+00
1.118211731387044550e+00
1.118324304144770132e+00
1.118323617306008932e+00
1.118322930440433183e+00
1.118322243548043105e+00
1.118321556628837365e+00
1.118320869682816410e+00
1.118320182709979349e+00
1.118319495710326184e+00
1.118318808683855581e+00
1.118318121630567541e+00
1.118317434550462064e+00
1.118316747443538928e+00
1.118316060309796134e+00
1.118315373149235015e+00
1.118314685961853572e+00
1.118313998747652693e+00
1.118313311506631713e+00
1.118312624238789077e+00
1.118425218137089727e+00
1.118424530745981249e+00
1.118310562274332787e+00
1.118309874899202638e+00
1.118422468411704118e+00
1.118308500068472711e+00
1.118307812612871821e+00
1.118307125130446833e+00
1.118419718257098738e+00
1.118419030651378376e+00
1.118418343018830141e+00
1.118417655359452922e+00
1.118303687315940653e+00
1.118416279960209314e+00
1.118415592220342925e+00
1.118301624305316322e+00
1.118414216660117200e+00
1.118413528839756976e+00
1.118412840992565549e+00
1.118412153118541363e+00
1.118298185417702539e+00
1.118410777289994051e+00
1.118410089335469815e+00
1.118409401354111932e+00
1.118408713345919070e+00
1.118408025310891230e+00
1.118407337249027966e+00
1.118406649160328836e+00
1.118405961044793173e+00
1.118405272902420755e+00
1.118404584733211582e+00
1.118403896537163877e+00
1.118403208314278752e+00
1.118402520064554873e+00
1.118401831787992240e+00
1.118401143484589966e+00
1.118400455154347606e+00
1.118399766797264938e+00
1.118512379910496790e+00
1.118398390002577347e+00
1.118397701564971536e+00
1.118510314388447835e+00
1.118509625827407650e+00
1.118508937239522716e+00
1.118508248624791479e+00
1.118507559983213273e+00
1.118506871314788320e+00
1.118506182619516176e+00
1.118505493897396175e+00
1.118504805148427428e+00
1.118504116372610380e+00
1.118503427569943254e+00
1.118502738740427382e+00
1.118615373293371018e+00
1.118614684340357934e+00
1.118613995360492108e+00
1.118613306353771764e+00
1.118725963415780678e+00
1.118611928259767296e+00
1.118724585128422211e+00
1.118723895944454982e+00
1.118723206733628572e+00
1.118722517495943203e+00
1.118721828231397319e+00
1.118834507519129717e+00
1.118833818131008462e+00
1.118833128716024250e+00
1.118832439274175305e+00
1.118945141084452199e+00
1.118944451518993466e+00
1.118943761926667779e+00
1.118943072307472031e+00
1.118942382661406887e+00
1.119055106904242480e+00
1.119054417134530688e+00
1.119053727337945725e+00
1.119166474213677764e+00
1.119165784293415733e+00
1.119165094346276090e+00
1.119277863861752875e+00
1.119277173790905744e+00
1.119276483693177227e+00
1.119389275855251054e+00
1.119388585633784183e+00
1.119387895385432374e+00
1.119387205110193850e+00
1.119500019828836734e+00
1.119499329429826773e+00
1.119498639003926543e+00
1.119611476382851523e+00
1.119610785833148769e+00
1.119610095256552196e+00
1.119609404653060469e+00
1.119722264602190043e+00
1.119721573874861820e+00
1.119720883120634669e+00
1.119833765743742937e+00
1.119833074865649314e+00
1.119832383960652766e+00
1.119945289264605570e+00
1.119944598235711464e+00
1.120057526324395036e+00
1.120056835171576726e+00
1.120056143991847275e+00
1.120169094775141261e+00
1.120168403471457852e+00
1.120167712140858862e+00
1.120167020783346290e+00
1.120279994171053728e+00
1.120279302689551226e+00
1.120278611181130701e+00
1.120391607277173129e+00
1.120390915644732033e+00
1.120503934553112924e+00
1.120503242796625276e+00
1.120502551013211168e+00
1.120615592643715130e+00
1.120614900736223385e+00
1.120727965192909847e+00
1.120727273161314264e+00
1.120726581102784003e+00
1.120839668295393388e+00
1.120838976112728869e+00
1.120838283903125676e+00
1.120837591666584476e+00
1.120950701504779934e+00
1.120950009144069170e+00
1.120949316756416403e+00
1.120948624341820077e+00
1.121061756832439471e+00
1.121061064293640053e+00
1.121174219638092051e+00
1.121173526975062895e+00
1.121172834285082409e+00
1.121286012393010401e+00
1.121285319578769091e+00
1.121284626737573342e+00
1.121397827615878473e+00
1.121397134650391259e+00
1.121396441657944720e+00
1.121509665313532578e+00
1.121508972196763709e+00
1.121622218733927756e+00
1.121621525492809912e+00
1.121620832224726083e+00
1.121620138929674271e+00
1.121733408160551893e+00
1.121732714741117132e+00
1.121732021294711057e+00
1.121731327821333668e+00
1.121844619752781824e+00
1.121843926154986848e+00
1.121843232530215895e+00
1.121956547266566462e+00
1.121955853517347501e+00
1.121955159741148567e+00
1.121954465937969880e+00
1.122067803388642648e+00
1.122067109460980872e+00
1.122066415506335346e+00
1.122179775775723920e+00
1.122179081696564662e+00
1.122178387590416770e+00
1.122177693457281134e+00
1.122176999297155753e+00
1.122290382197070446e+00
1.122289687912394029e+00
1.122288993600724316e+00
1.122288299262060862e+00
1.122287604896403224e+00
1.122286910503751622e+00
1.122286216084104282e+00
1.122285521637462313e+00
1.122284827163823939e+00
1.122284132663189382e+00
1.122283438135557976e+00
1.122282743580929498e+00
1.122282048999303727e+00
1.122281354390679109e+00
1.122280659755056531e+00
1.122165889064270061e+00
1.122279270402813944e+00
1.122278575686193491e+00
1.122163805126253688e+00
1.122163110426253274e+00
1.122162415699254678e+00
1.122161720945257013e+00
1.122161026164259612e+00
1.122160331356262919e+00
1.122159636521266046e+00
1.122158941659268550e+00
1.122044194707380704e+00
1.122043499862009019e+00
1.122042804989638709e+00
1.122042110090268219e+00
1.122041415163898215e+00
1.122040720210527365e+00
1.121925996772307421e+00
1.121925301835565048e+00
1.121924606871823604e+00
1.121923911881083313e+00
1.121809211862137001e+00
1.121808516888023188e+00
1.121807821886910972e+00
1.121807126858801240e+00
1.121806431803691995e+00
1.121691755240510124e+00
1.121691060202028023e+00
1.121690365136548628e+00
1.121689670044072162e+00
1.121688974924596183e+00
1.121688279778121577e+00
1.121687584604647459e+00
1.121686889404173604e+00
1.121572236420509849e+00
1.121685498922225577e+00
1.121684803640749850e+00
1.121684108332272611e+00
1.121683412996793416e+00
1.121568760231321571e+00
1.121568064912485507e+00
1.121567369566648598e+00
1.121566674193810842e+00
1.121565978793972018e+00
1.121679240416852963e+00
1.121678544892348084e+00
1.121677849340837474e+00
1.121677153762320911e+00
1.121676458156798173e+00
1.121675762524267927e+00
1.121675066864731729e+00
1.121674371178186469e+00
1.121673675464634146e+00
1.121672979724072983e+00
1.121672283956502536e+00
1.121671588161922584e+00
1.121670892340332681e+00
1.121784175782099213e+00
1.121783479835776642e+00
1.121782783862439459e+00
1.121782087862088773e+00
1.121781391834722807e+00
1.121780695780341786e+00
1.121779999698945041e+00
1.121779303590532129e+00
1.121892609346103908e+00
1.121891913112909478e+00
1.122005241775638762e+00
1.122004545417635057e+00
1.122003849032607636e+00
1.122117200511653534e+00
1.122116504001785753e+00
1.122229878401910907e+00
1.122229181767176565e+00
1.122228485105410511e+00
1.122341882335728291e+00
1.122341185549064591e+00
1.122454605714393372e+00
1.122568048919624806e+00
1.122567351910126465e+00
1.122680818064359709e+00
1.122794307272536374e+00
1.122907819541689722e+00
1.122907122211289632e+00
1.123020657450464421e+00
1.123134215764674648e+00
1.123247797160963346e+00
1.123361401646376434e+00
1.123475029227963606e+00
1.123588679912775667e+00
1.123702353707867863e+00
1.123816050620297657e+00
1.123929770657125182e+00
1.124043513825414564e+00
1.124157280132231040e+00
1.124271069584644289e+00
1.124384882189726209e+00
1.124498717954551585e+00
1.124612576886198090e+00
1.124726458991746503e+00
1.124840364278279825e+00
1.124954292752885054e+00
1.125182918588834458e+00
1.125182219294670771e+00
1.125296217376037911e+00
1.125410238673850483e+00
1.125524283195210584e+00
1.125638350947221422e+00
1.125752441936989756e+00
1.125866556171624122e+00
1.126095554485908812e+00
1.126209738596397614e+00
1.126323945980240326e+00
1.126438176644562139e+00
1.126552430596488907e+00
1.126666707843150483e+00
1.126781008391681382e+00
1.126780307718007190e+00
1.126894631476850872e+00
1.127008978551816254e+00
1.127123348950044956e+00
1.127237742678682153e+00
1.127352159744873239e+00
1.127466600155770493e+00
1.127465898862462623e+00
1.127580362526400926e+00
1.127579661107091624e+00
1.127694148031183063e+00
1.127693446485843909e+00
1.127807956677202350e+00
1.127922490241834552e+00
1.127921788471549780e+00
1.128036345317710909e+00
1.128150925551457462e+00
1.128150223556131371e+00
1.128149521533602373e+00
1.128264124964193815e+00
1.128263422815501515e+00
1.128378049549000783e+00
1.128377347274117426e+00
1.128376644972024057e+00
1.128491294916554644e+00
1.128490592488239574e+00
1.128489890032710274e+00
1.128604563195355182e+00
1.128603860613572429e+00
1.128718557100481634e+00
1.128717854392417674e+00
1.128832574210732576e+00
1.128831871376360096e+00
1.128831168514762284e+00
1.128830465625938251e+00
1.128945208584576809e+00
1.128944505569409396e+00
1.128943802527011764e+00
1.128943099457383914e+00
1.129057865563384500e+00
1.129172655121303270e+00
1.129171951826128284e+00
1.129171248503715308e+00
1.129170545154064564e+00
1.129285357873520246e+00
1.129169138373046222e+00
1.129283950894101274e+00
1.129283247363527920e+00
1.129398083251567986e+00
1.129397379594521578e+00
1.129396675910228520e+00
1.129395972198688369e+00
1.129395268459900237e+00
1.129510127424314447e+00
1.129509423559014847e+00
1.129508719666463490e+00
1.129623601912822961e+00
1.129622897893729050e+00
1.129737803528461093e+00
1.129737099382797316e+00
1.129736395209873567e+00
1.129735691009690068e+00
1.129734986782245487e+00
1.129849915514492764e+00
1.129849211160439681e+00
1.129848506779121742e+00
1.129963458814633892e+00
1.129962754306675476e+00
1.129962049771448873e+00
1.130077025117347977e+00
1.130076320455449146e+00
1.130075615766277686e+00
1.130074911049832709e+00
1.130189909613813937e+00
1.130189204770662315e+00
1.130188499900232957e+00
1.130187795002526085e+00
1.130302816791658449e+00
1.130302111767209183e+00
1.130417156987543414e+00
1.130416451836325109e+00
1.130415746657820630e+00
1.130415041452030644e+00
1.130530109911724423e+00
1.130529404579129871e+00
1.130528699219244260e+00
1.130643791024922518e+00
1.130643085538201476e+00
1.130642380024185378e+00
1.130641674482874892e+00
1.130640968914268907e+00
1.130756083873920792e+00
1.130755378178440074e+00
1.130754672455660081e+00
1.130869810775521733e+00
1.130869104925835478e+00
1.130984266712682151e+00
1.130983560736061877e+00
1.131098745997092703e+00
1.131098039893510654e+00
1.131097333762617563e+00
1.131212542405356292e+00
1.131327774636364358e+00
1.131443030462895738e+00
1.131442324005583311e+00
1.131557603335148432e+00
1.131556896750766983e+00
1.131672199590580519e+00
1.131787526047652870e+00
1.131786819236381580e+00
1.131902169218162557e+00
1.132017542831714074e+00
1.132016835793455023e+00
1.132132232946188255e+00
1.132247653745215077e+00
1.132363098197812112e+00
1.132478566311260204e+00
1.132477858846089092e+00
1.132593350527723475e+00
1.132708865884756610e+00
1.132824404924475781e+00
1.132939967654174263e+00
1.133055554081146221e+00
1.133287506221335228e+00
1.133403163884016962e+00
1.133518845273203013e+00
1.133634550396201979e+00
1.133633841930629549e+00
1.133749570694598807e+00
1.133865323206988407e+00
1.134097608372628629e+00
1.134329988993412419e+00
1.134445860558306762e+00
1.134561755915622694e+00
1.134677675072695013e+00
1.134793618036865182e+00
1.135026285029852033e+00
1.135025575415871790e+00
1.135141589845402699e+00
1.135374400136529571e+00
1.135490486198055038e+00
1.135606596118161837e+00
1.135722729904214967e+00
1.135955779493968087e+00
1.136071985022641728e+00
1.136422166513987531e+00
1.136421455776177369e+00
1.136654793151161913e+00
1.136888226631075804e+00
1.137121756275323303e+00
1.137355382143355298e+00
1.137589104294673747e+00
1.137705645637437479e+00
1.137939512238232753e+00
1.138173475271245794e+00
1.138407534796148424e+00
1.138759161386526664e+00
1.138875943560563320e+00
1.139110292919666589e+00
1.139462354859851034e+00
1.139696946246401277e+00
1.139931634513955405e+00
1.140166419722556057e+00
1.140401301932296940e+00
1.140754164241890134e+00
1.140989289305308407e+00
1.141224511580620549e+00
1.141577884683954158e+00
1.141813350340718181e+00
1.142167089011947745e+00
1.142402798428107991e+00
1.142756903234957599e+00
1.142992856789240896e+00
1.143347328300609922e+00
1.143702020158288146e+00
1.143938365158496451e+00
1.144293424633440859e+00
1.144648705003334488e+00
1.145004206474405040e+00
1.145241091327299232e+00
1.145715873546281571e+00
1.145953053676325828e+00
1.146309367536502144e+00
1.146546794093768140e+00
1.146784319294082088e+00
1.147021943198948124e+00
1.147378923631446446e+00
1.147736126754564712e+00
1.147974146271022233e+00
1.148331720924489430e+00
1.148569988177896795e+00
1.148927934941820217e+00
1.149286105301501104e+00
1.149644499466538683e+00
1.149883313175739774e+00
1.150242080731833427e+00
1.150481143419270325e+00
1.150960289151130356e+00
1.151199651198085983e+00
1.151439113097037170e+00
1.151798854256724347e+00
1.152038566148545717e+00
1.152398682807400210e+00
1.152518290208036422e+00
1.152878707588100182e+00
1.153118870383159189e+00
1.153359133531844050e+00
1.153599497097083759e+00
1.153839961141862158e+00
1.154080525729215267e+00
1.154441923187780494e+00
1.154803547484360315e+00
1.155044515052914500e+00
1.155285583480089251e+00
1.155405793261266245e+00
1.155647013005334456e+00
1.155888333766468046e+00
1.156129755608150234e+00
1.156250141858263802e+00
1.156612902787374830e+00
1.156733390081094992e+00
1.157096455051959794e+00
1.157338383250542835e+00
1.157337657241601425e+00
1.157701102674512983e+00
1.157943284559106667e+00
1.158064050327239691e+00
1.158306384579008252e+00
1.158548820549042624e+00
1.158791358301417995e+00
1.158790631181543018e+00
1.159276739409756729e+00
1.159397784618623195e+00
1.159518855231766343e+00
1.159761800574337531e+00
1.160126774113269699e+00
1.160126045984255949e+00
1.160491249480354758e+00
1.160490521065500102e+00
1.160733875027149420e+00
1.160855226035466981e+00
1.161343072431622714e+00
1.161342343367836705e+00
1.161708315132992331e+00
1.161952181547746488e+00
1.161829141336670812e+00
1.162195420933720857e+00
1.162439492601321955e+00
1.162683667083577177e+00
1.162805427805738256e+00
1.163049756540839530e+00
1.163294188253149564e+00
1.163538723007802478e+00
1.163537992250786246e+00
1.163905352975082241e+00
1.164027370783301096e+00
1.164272214873904199e+00
1.164640040516488506e+00
1.164762213030571480e+00
1.165007367227508972e+00
1.165252624924189018e+00
1.165374926531854705e+00
1.165866588657151537e+00
1.165989019668717042e+00
1.166234692020674091e+00
1.166357200688576956e+00
1.166726348274957914e+00
1.166725615114054815e+00
1.167094996617273672e+00
1.167588114542779776e+00
1.167710908830827066e+00
1.167833729076054095e+00
1.168080181655130723e+00
1.168203079927349952e+00
1.168697136973802175e+00
1.169191612684353121e+00
1.169314745802808586e+00
1.169437904985996868e+00
1.169809009922169185e+00
1.170056299131368327e+00
1.170303693195781314e+00
1.170302957383664078e+00
1.170674613001053244e+00
1.170798059976155603e+00
1.170921533115762525e+00
1.171293582790598808e+00
1.171292846211940963e+00
1.171913946571149667e+00
1.172037656099789826e+00
1.172036918966656405e+00
1.172285153909606414e+00
1.172408942207513460e+00
1.172408204754275873e+00
1.172282941784877686e+00
1.172282204353173318e+00
1.172405992224161864e+00
1.172280729404569399e+00
1.172155493162956752e+00
1.171905837718560273e+00
1.171905100379805997e+00
1.171655551045990729e+00
1.171530447517467044e+00
1.171405370516183764e+00
1.171404633376937232e+00
1.170906801409305809e+00
1.170781856818003730e+00
1.170532783762340268e+00
1.170159740426152561e+00
1.170034954419210127e+00
1.169786197997447319e+00
1.169042032719837865e+00
1.168793697282920929e+00
1.168545466988863302e+00
1.168173686252070409e+00
1.167555066057532231e+00
1.167307360222812118e+00
1.166936365204490178e+00
1.166442315898750914e+00
1.165825524843818295e+00
1.165332414115869630e+00
1.164962670911852793e+00
1.164470288465805803e+00
1.163855577736100155e+00
1.163364129123692914e+00
1.162873094727006062e+00
1.162382474022544354e+00
1.161892266487693615e+00
1.161280270162209360e+00
1.160790990282831281e+00
1.160424117687852474e+00
1.159935557622874480e+00
1.159447408127598722e+00
1.158837980353217612e+00
1.158350752679884854e+00
1.157985417890704749e+00
1.157377523493196891e+00
1.156891520951614405e+00
1.156163645030182874e+00
1.155920737407864607e+00
1.155315005319260901e+00
1.154951579174543941e+00
1.154467608274208024e+00
1.154104713933214565e+00
1.153742047179350028e+00
1.153259087463365917e+00
1.152776531278836059e+00
1.152414697048674164e+00
1.152053089409095676e+00
1.151811901395900506e+00
1.151330553050730066e+00
1.150969623907130979e+00
1.150608920504487598e+00
1.150368335109963835e+00
1.150127849973251681e+00
1.149767672609025349e+00
1.149407720280890777e+00
1.149287302992039628e+00
1.148449428809611872e+00
1.148209743114912751e+00
1.148447980282317094e+00
1.148208294833326981e+00
1.147968709080004590e+00
1.147967985020254211e+00
1.147728499023151771e+00
1.147489112597303462e+00
1.147249825680605628e+00
1.147129857693203858e+00
1.146890719985194318e+00
1.146770826652228514e+00
1.146650958204352033e+00
1.146531114633807302e+00
1.146292225378632956e+00
1.146291502093708337e+00
1.146171733108657831e+00
1.146051988969947866e+00
1.146051265751839576e+00
1.146050542505930636e+00
1.145930823300414403e+00
1.145811128925741551e+00
1.145929376819796675e+00
1.145809682539705276e+00
1.145808959304992491e+00
1.145808236042481720e+00
1.145807512752173407e+00
1.145806789434067108e+00
1.145925036710744083e+00
1.145924313261930783e+00
1.145804619312954076e+00
1.145803895883649837e+00
1.145803172426545391e+00
1.145921419188648427e+00
1.145920695600818773e+00
1.146157986311071131e+00
1.146157262517326192e+00
1.146156538695769944e+00
1.146155814846402166e+00
1.146274134913028320e+00
1.146273410932847403e+00
1.146272686924850959e+00
1.146510124526870511e+00
1.146628518172573941e+00
1.146508676070908894e+00
1.146746211974052576e+00
1.146864654676313489e+00
1.146863930125137987e+00
1.147101613862426372e+00
1.147220130361616741e+00
1.147100164319639681e+00
1.147218680612463126e+00
1.147337221519562522e+00
1.147336496500009906e+00
1.147455061925831021e+00
1.147573651981264264e+00
1.147811631444318303e+00
1.147810906011704324e+00
1.147929570002087285e+00
1.148048258652835329e+00
1.148166971971645411e+00
1.148285709966215817e+00
1.148523986066317448e+00
1.148642798237851759e+00
1.148761635115998825e+00
1.148760908856210738e+00
1.148879770345190288e+00
1.149118294067290824e+00
1.149237229849078057e+00
1.149356190376088271e+00
1.149475175656052395e+00
1.149594185696706239e+00
1.149833007255163686e+00
1.149832280091037884e+00
1.149831552898994858e+00
1.150190335056525459e+00
1.150309493927685001e+00
1.150308766348664413e+00
1.150308038741713057e+00
1.150667119461883603e+00
1.150906388733118790e+00
1.151025696714313540e+00
1.151385226746355572e+00
1.151504634428505813e+00
1.151864464470701455e+00
1.152104233381017862e+00
1.152223790849002283e+00
1.152463709866197838e+00
1.152703729093134122e+00
1.152943848592623333e+00
1.153184068427534070e+00
1.153303851050933249e+00
1.153664809355345211e+00
1.153905330574240606e+00
1.154145952380549067e+00
1.154507439213886100e+00
1.154627498007973596e+00
1.154747581898800446e+00
1.154988556168016434e+00
1.155471538885551208e+00
1.155591799093019567e+00
1.155954194460322659e+00
1.156195673904556021e+00
1.156316085504736080e+00
1.156557716666037461e+00
1.157042015572380622e+00
1.157162604211315005e+00
1.157404590239031084e+00
1.157403857286513515e+00
1.157767393018942048e+00
1.158374283721851805e+00
1.158495151323903682e+00
1.158616044276829848e+00
1.158980343593150941e+00
1.159101338239999723e+00
1.159465943559987666e+00
1.159952686562618185e+00
1.159951951738637188e+00
1.160195109068323793e+00
1.160560404438558235e+00
1.160803817596134158e+00
1.161169497232585668e+00
1.161535407772063877e+00
1.161901549433364877e+00
1.161900813173894376e+00
1.162267185915220713e+00
1.162511317469316019e+00
1.163000626297737261e+00
1.163367694378458772e+00
1.163734994678972789e+00
1.163734257085219825e+00
1.164347432482525591e+00
1.164592440896096814e+00
1.164714614725619324e+00
1.165082768037464467e+00
1.165574248300407900e+00
1.165819774635266981e+00
1.166065404714538234e+00
1.166187888985640297e+00
1.166680304097220011e+00
1.167049703804129868e+00
1.167295853778280046e+00
1.167418597672656544e+00
1.167788466212818177e+00
1.168158569636326805e+00
1.168405188854353849e+00
1.168528167072861779e+00
1.168898740670963443e+00
1.169145673402347319e+00
1.169144931830349288e+00
1.169391969013489074e+00
1.169887099686806042e+00
1.170134451367055295e+00
1.170257795341617779e+00
1.170381165450410155e+00
1.170380422921208918e+00
1.170752175487792091e+00
1.170999894344595615e+00
1.170999151336024502e+00
1.171371298143466300e+00
1.171494904157131645e+00
1.171867366915411601e+00
1.171866623240559901e+00
1.171990334282278390e+00
1.171740707568398099e+00
1.172237835127264649e+00
1.172486185255908753e+00
1.172360880813853479e+00
1.172858536114851358e+00
1.173107150126512899e+00
1.172857047072717984e+00
1.172856302508867854e+00
1.173354380057021862e+00
1.173353635119432914e+00
1.173477661834523511e+00
1.173601714901314264e+00
1.173975523220623707e+00
1.174099681994071664e+00
1.174098936438162433e+00
1.173848409300488393e+00
1.174097445240673165e+00
1.173846918363138370e+00
1.173971050104066771e+00
1.174095208230255150e+00
1.173719831213111409e+00
1.173968813160293223e+00
1.174342857728998268e+00
1.174592104756104538e+00
1.174466348873920651e+00
1.174840711549735905e+00
1.174339873670908529e+00
1.174839218770991955e+00
1.174838472338747941e+00
1.175338242536089206e+00
1.175087184261137230e+00
1.174711170465496002e+00
1.175461197597030161e+00
1.175335255134783985e+00
1.175459703622876217e+00
1.175458956592900339e+00
1.175207845698428288e+00
1.175582684292513891e+00
1.175081210044821356e+00
1.175581189873175170e+00
1.175204857814649673e+00
1.175078969241945215e+00
1.175954772501506040e+00
1.175703448741597157e+00
1.175702701294971231e+00
1.174950866540889649e+00
1.175450737375471899e+00
1.175449990002267242e+00
1.175824985565593117e+00
1.175323300953918793e+00
1.175322553574506657e+00
1.176574948085849392e+00
1.175571473358341779e+00
1.175946547577126466e+00
1.176321861661250079e+00
1.175694477493718360e+00
1.176320365312793159e+00
1.175818255511348109e+00
1.175942807830359760e+00
1.176067386669252590e+00
1.175941311731297789e+00
1.176065890353489962e+00
1.176441282390030985e+00
1.176691427615863761e+00
1.176690678958843606e+00
1.175561752008296379e+00
1.176062149063103135e+00
1.176437539759881856e+00
1.176311384816932426e+00
1.176185256738325302e+00
1.176184508228697689e+00
1.176309139048681063e+00
1.175932332732422703e+00
1.176182262528009392e+00
1.176934189787313345e+00
1.176431550062394304e+00
1.176305395528834508e+00
1.175678019503309191e+00
1.176429303453246478e+00
1.176303149073250287e+00
1.176427805570595675e+00
1.177180050221839469e+00
1.176677198233969435e+00
1.176425558531781324e+00
1.176550241256994811e+00
1.176424060362675661e+00
1.176548742870851649e+00
1.177803781865816690e+00
1.176171030158519537e+00
1.177802281708282495e+00
1.176294909863963234e+00
1.175667539023444785e+00
1.177046239236856362e+00
1.176794440028608779e+00
1.176041184608574541e+00
1.176792940807027454e+00
1.177043240154025394e+00
1.175162230742461844e+00
1.176414319470222569e+00
1.177417764225447083e+00
1.175660798608813673e+00
1.178548032136599533e+00
1.176285917682428073e+00
1.176285168147740645e+00
1.177665328787648402e+00
1.175531809823988860e+00
1.175656303710473916e+00
1.177914499804272319e+00
1.176908703224994301e+00
1.176155294014053387e+00
1.177786523126624685e+00
1.177911496758969001e+00
1.174650613991257808e+00
1.176779442653396845e+00
1.177909244173687142e+00
1.177028988246236585e+00
1.179544599671725535e+00
1.180427117541792192e+00
1.181184506461518957e+00
1.180425612288991566e+00
1.177527647820149292e+00
1.176522502558789096e+00
1.178784052452332753e+00
1.176521002051905240e+00
1.178656637600350443e+00
1.183713409559671970e+00
1.177020732410364090e+00
1.179662425540964010e+00
1.179157436461242048e+00
1.177520889129178405e+00
1.183836628407452407e+00
1.180164082831367978e+00
1.179406491587410288e+00
1.175636063908099382e+00
1.181298903342480999e+00
1.174758438851685849e+00
1.184467472721848491e+00