# Wavelength [nm], Diffuse Reflectance
350.000000000000000,0.964450947230451
351.000000000000000,0.962700533989329
352.000000000000000,0.966170366320215
353.000000000000000,0.966995255261337
354.000000000000000,0.966121814720025
355.000000000000000,0.969324011967542
356.000000000000000,0.968515170827188
357.000000000000000,0.967189769156894
358.000000000000000,0.968290334773776
359.000000000000000,0.969444376364626
360.000000000000000,0.969909196357245
361.000000000000000,0.968977544068903
362.000000000000000,0.968742860080507
363.000000000000000,0.969718395410719
364.000000000000000,0.970130152602217
365.000000000000000,0.970352924756704
366.000000000000000,0.970544958562990
367.000000000000000,0.969603844545455
368.000000000000000,0.970519712169951
369.000000000000000,0.970904939938287
370.000000000000000,0.969888186472698
371.000000000000000,0.969493707795271
372.000000000000000,0.970468849667407
373.000000000000000,0.971181561965337
374.000000000000000,0.972264389668209
375.000000000000000,0.972022550506059
376.000000000000000,0.971244337484656
377.000000000000000,0.970774600959668
378.000000000000000,0.973526230588361
379.000000000000000,0.971129393180514
380.000000000000000,0.970674591330807
381.000000000000000,0.971821103969485
382.000000000000000,0.971610597385645
383.000000000000000,0.971098385276629
384.000000000000000,0.971039796603363
385.000000000000000,0.971856407513314
386.000000000000000,0.972585083707159
387.000000000000000,0.971518094102320
388.000000000000000,0.971900777794236
389.000000000000000,0.971961507238448
390.000000000000000,0.971751783281730
391.000000000000000,0.971550473006476
392.000000000000000,0.972120745045383
393.000000000000000,0.972705880068132
394.000000000000000,0.973045603602944
395.000000000000000,0.972453420472539
396.000000000000000,0.972057523596844
397.000000000000000,0.972361692859755
398.000000000000000,0.973152496684222
399.000000000000000,0.972738418726546
400.000000000000000,0.972682493201785
401.000000000000000,0.973647680024310
402.000000000000000,0.973116988026930
403.000000000000000,0.973357000863897
404.000000000000000,0.973658270888378
405.000000000000000,0.973253184504918
406.000000000000000,0.973807326096582
407.000000000000000,0.973954422731602
408.000000000000000,0.973940264737636
409.000000000000000,0.973742749772739
410.000000000000000,0.973441288070721
411.000000000000000,0.973799022470943
412.000000000000000,0.973933916444388
413.000000000000000,0.973861318689442
414.000000000000000,0.974434255479287
415.000000000000000,0.974392221752468
416.000000000000000,0.974316707541618
417.000000000000000,0.974167717052483
418.000000000000000,0.973922495095963
419.000000000000000,0.974147726519185
420.000000000000000,0.974406567061929
421.000000000000000,0.974025646551199
422.000000000000000,0.974147318164432
423.000000000000000,0.974424743927155
424.000000000000000,0.974384909776798
425.000000000000000,0.975192362810461
426.000000000000000,0.974771513321581
427.000000000000000,0.974548354220551
428.000000000000000,0.974941923243165
429.000000000000000,0.974876425488258
430.000000000000000,0.974618219142493
431.000000000000000,0.974692469542465
432.000000000000000,0.974835320865675
433.000000000000000,0.974541124013346
434.000000000000000,0.975136161596863
435.000000000000000,0.975611367777067
436.000000000000000,0.975576294859244
437.000000000000000,0.975150226522493
438.000000000000000,0.975078162867059
439.000000000000000,0.975146572288712
440.000000000000000,0.975144813888212
441.000000000000000,0.975026321888719
442.000000000000000,0.974985625712792
443.000000000000000,0.975334927367349
444.000000000000000,0.975312397382943
445.000000000000000,0.975734344308789
446.000000000000000,0.975080765723230
447.000000000000000,0.974925670287796
448.000000000000000,0.975107910799834
449.000000000000000,0.975019857287139
450.000000000000000,0.975524710076338
451.000000000000000,0.975291104015341
452.000000000000000,0.975109228562012
453.000000000000000,0.975137174389934
454.000000000000000,0.975277727238997
455.000000000000000,0.975249535110517
456.000000000000000,0.975330199313484
457.000000000000000,0.975245133864569
458.000000000000000,0.975403996194234
459.000000000000000,0.975576745514410
460.000000000000000,0.975218530740761
461.000000000000000,0.975415012230637
462.000000000000000,0.975147433828482
463.000000000000000,0.975059460048164
464.000000000000000,0.975206712303418
465.000000000000000,0.975551290511657
466.000000000000000,0.975259370150404
467.000000000000000,0.975484719642978
468.000000000000000,0.975681410897206
469.000000000000000,0.975755116891699
470.000000000000000,0.975710623015545
471.000000000000000,0.975833184516655
472.000000000000000,0.975763058748049
473.000000000000000,0.975655389312586
474.000000000000000,0.975381456242798
475.000000000000000,0.975467451227569
476.000000000000000,0.975813260188322
477.000000000000000,0.975828560753132
478.000000000000000,0.975892468825304
479.000000000000000,0.975756048239271
480.000000000000000,0.975459109747326
481.000000000000000,0.975807954443631
482.000000000000000,0.976120129814960
483.000000000000000,0.976004202764685
484.000000000000000,0.975928006412692
485.000000000000000,0.976341728309201
486.000000000000000,0.976487834286448
487.000000000000000,0.976316250253748
488.000000000000000,0.976377512605354
489.000000000000000,0.976459875491301
490.000000000000000,0.976468824266322
491.000000000000000,0.976356084728507
492.000000000000000,0.976664773982141
493.000000000000000,0.976537201572838
494.000000000000000,0.976213188172398
495.000000000000000,0.976391123183101
496.000000000000000,0.976567201756977
497.000000000000000,0.976472347666509
498.000000000000000,0.976223124190121
499.000000000000000,0.976107503336385
500.000000000000000,0.976339848408450
501.000000000000000,0.976360136063482
502.000000000000000,0.976089362524113
503.000000000000000,0.975933162152252
504.000000000000000,0.975973025497836
505.000000000000000,0.975870246194521
506.000000000000000,0.975929964246153
507.000000000000000,0.976252379194603
508.000000000000000,0.976121585396757
509.000000000000000,0.975967170374714
510.000000000000000,0.976116699735611
511.000000000000000,0.976048943023701
512.000000000000000,0.975882133280114
513.000000000000000,0.976112651357727
514.000000000000000,0.976351359079507
515.000000000000000,0.976121543816061
516.000000000000000,0.976091639874456
517.000000000000000,0.976003164794119
518.000000000000000,0.975897446092434
519.000000000000000,0.975932081516719
520.000000000000000,0.976068366330423
521.000000000000000,0.976205189006549
522.000000000000000,0.976025902797055
523.000000000000000,0.975899326100612
524.000000000000000,0.975805273117537
525.000000000000000,0.975914477588190
526.000000000000000,0.976031026523221
527.000000000000000,0.976152121596427
528.000000000000000,0.976267714273128
529.000000000000000,0.976179917564103
530.000000000000000,0.976279683566837
531.000000000000000,0.976084021348568
532.000000000000000,0.975990683620767
533.000000000000000,0.976280043197943
534.000000000000000,0.976281207251808
535.000000000000000,0.976250438612120
536.000000000000000,0.976309711154974
537.000000000000000,0.976327329128188
538.000000000000000,0.976393691700298
539.000000000000000,0.976187341842334
540.000000000000000,0.976182744062139
541.000000000000000,0.976108359603600
542.000000000000000,0.976449530820110
543.000000000000000,0.976376158985187
544.000000000000000,0.976307017899947
545.000000000000000,0.976201725053620
546.000000000000000,0.976441469907767
547.000000000000000,0.976188786805462
548.000000000000000,0.976217378791417
549.000000000000000,0.976142231422489
550.000000000000000,0.976290895250641
551.000000000000000,0.976283062516025
552.000000000000000,0.976149380899616
553.000000000000000,0.976026335967486
554.000000000000000,0.976249856308604
555.000000000000000,0.976293209372340
556.000000000000000,0.976303647835393
557.000000000000000,0.976251384907768
558.000000000000000,0.976341997729031
559.000000000000000,0.976369042401950
560.000000000000000,0.976154518794058
561.000000000000000,0.976394401056457
562.000000000000000,0.976293882872071
563.000000000000000,0.976422798988390
564.000000000000000,0.976188988065459
565.000000000000000,0.976301227389821
566.000000000000000,0.976236789547637
567.000000000000000,0.976350945227236
568.000000000000000,0.976190429239649
569.000000000000000,0.976212196520533
570.000000000000000,0.976453247986502
571.000000000000000,0.976141685815543
572.000000000000000,0.976245279317288
573.000000000000000,0.976151453465168
574.000000000000000,0.976349494818956
575.000000000000000,0.976382769898263
576.000000000000000,0.976382722663625
577.000000000000000,0.976523213754715
578.000000000000000,0.976138238793724
579.000000000000000,0.976220568136352
580.000000000000000,0.976444291152288
581.000000000000000,0.976502165468278
582.000000000000000,0.976445079374572
583.000000000000000,0.976449170719502
584.000000000000000,0.976367049360437
585.000000000000000,0.976552276995542
586.000000000000000,0.976499836038626
587.000000000000000,0.976294607086151
588.000000000000000,0.976281314046912
589.000000000000000,0.976499301181460
590.000000000000000,0.976628009687343
591.000000000000000,0.976331754758166
592.000000000000000,0.976192509927898
593.000000000000000,0.976425344257014
594.000000000000000,0.976661918144129
595.000000000000000,0.976570371756533
596.000000000000000,0.976533737286779
597.000000000000000,0.976479969531173
598.000000000000000,0.976301996743174
599.000000000000000,0.976482086138293
600.000000000000000,0.976511135063112
601.000000000000000,0.976504477436610
602.000000000000000,0.976619860873118
603.000000000000000,0.976549261081453
604.000000000000000,0.976590927104376
605.000000000000000,0.976364782362012
606.000000000000000,0.976554476454188
607.000000000000000,0.976308515128910
608.000000000000000,0.976554388972640
609.000000000000000,0.976551661214337
610.000000000000000,0.976573315423891
611.000000000000000,0.976696351541287
612.000000000000000,0.976634813696902
613.000000000000000,0.976686327662241
614.000000000000000,0.976633042768236
615.000000000000000,0.976715896310542
616.000000000000000,0.976922209148090
617.000000000000000,0.976753641646018
618.000000000000000,0.976667169563908
619.000000000000000,0.976817412077065
620.000000000000000,0.976524058240547
621.000000000000000,0.976637534148935
622.000000000000000,0.976532164699776
623.000000000000000,0.976551092480786
624.000000000000000,0.976986032158931
625.000000000000000,0.976956402999978
626.000000000000000,0.976558088596641
627.000000000000000,0.976690517434610
628.000000000000000,0.976528961436566
629.000000000000000,0.976869170365206
630.000000000000000,0.976723514155876
631.000000000000000,0.976635815131184
632.000000000000000,0.976675446507065
633.000000000000000,0.976539185683135
634.000000000000000,0.976485550845127
635.000000000000000,0.976653826483147
636.000000000000000,0.976745582592543
637.000000000000000,0.976871367457701
638.000000000000000,0.976792335453309
639.000000000000000,0.976680438426980
640.000000000000000,0.976682752119625
641.000000000000000,0.976757881533480
642.000000000000000,0.976967829523992
643.000000000000000,0.976700415629398
644.000000000000000,0.976758516921143
645.000000000000000,0.976984810167364
646.000000000000000,0.976952986547263
647.000000000000000,0.976678424717286
648.000000000000000,0.976782813168767
649.000000000000000,0.976946004730429
650.000000000000000,0.976824888424393
651.000000000000000,0.977045113482393
652.000000000000000,0.976948810277700
653.000000000000000,0.976938052183941
654.000000000000000,0.976547562430886
655.000000000000000,0.976909097938375
656.000000000000000,0.976849706528040
657.000000000000000,0.976957946556272
658.000000000000000,0.977006112507153
659.000000000000000,0.977035678945451
660.000000000000000,0.977002922169120
661.000000000000000,0.977087555245501
662.000000000000000,0.977145761749757
663.000000000000000,0.977184947449387
664.000000000000000,0.977132355128711
665.000000000000000,0.977139971435860
666.000000000000000,0.977075669753280
667.000000000000000,0.977139481083843
668.000000000000000,0.976786892106542
669.000000000000000,0.976797209366918
670.000000000000000,0.976774153818982
671.000000000000000,0.976868251500420
672.000000000000000,0.977015505541034
673.000000000000000,0.977139989765512
674.000000000000000,0.977167665067315
675.000000000000000,0.977071539277722
676.000000000000000,0.977162106257956
677.000000000000000,0.976999397190785
678.000000000000000,0.976919001447058
679.000000000000000,0.977028468407702
680.000000000000000,0.977263723438091
681.000000000000000,0.977231210265904
682.000000000000000,0.977242955411358
683.000000000000000,0.977312939503426
684.000000000000000,0.977204689357608
685.000000000000000,0.977434147832442
686.000000000000000,0.977372478676986
687.000000000000000,0.977281843979406
688.000000000000000,0.977335978486207
689.000000000000000,0.977149590068416
690.000000000000000,0.977114862402830
691.000000000000000,0.977490093393822
692.000000000000000,0.977276078670777
693.000000000000000,0.977094572241738
694.000000000000000,0.977332773572100
695.000000000000000,0.977403369799870
696.000000000000000,0.977427476069966
697.000000000000000,0.977346525060497
698.000000000000000,0.977333969693368
699.000000000000000,0.977245852987989
700.000000000000000,0.977171740908294
701.000000000000000,0.977282090158798
702.000000000000000,0.977608391166012
703.000000000000000,0.977767781436462
704.000000000000000,0.977768273287768
705.000000000000000,0.977699538178650
706.000000000000000,0.977473401400831
707.000000000000000,0.977396331323327
708.000000000000000,0.977505539780373
709.000000000000000,0.977553924992933
710.000000000000000,0.977702519120546
711.000000000000000,0.977734077876012
712.000000000000000,0.977757097199357
713.000000000000000,0.977807165517815
714.000000000000000,0.977640176826364
715.000000000000000,0.977715913809262
716.000000000000000,0.977459352950280
717.000000000000000,0.977660608078039
718.000000000000000,0.977878134189559
719.000000000000000,0.977829967290577
720.000000000000000,0.977705514783857
721.000000000000000,0.978039017263122
722.000000000000000,0.977987284119616
723.000000000000000,0.977847450588374
724.000000000000000,0.977906815850599
725.000000000000000,0.977822179567278
726.000000000000000,0.978142278748234
727.000000000000000,0.978029425885885
728.000000000000000,0.977674740837267
729.000000000000000,0.977871786510122
730.000000000000000,0.978185318225345
731.000000000000000,0.978061899197062
732.000000000000000,0.977757602195044
733.000000000000000,0.978006967430788
734.000000000000000,0.977984323065148
735.000000000000000,0.977768492193556
736.000000000000000,0.978183471571389
737.000000000000000,0.978304848043467
738.000000000000000,0.978459305283114
739.000000000000000,0.978615216057752
740.000000000000000,0.978325491766073
741.000000000000000,0.977770137531461
742.000000000000000,0.977988179458262
743.000000000000000,0.977955749135427
744.000000000000000,0.977882809417959
745.000000000000000,0.978031159476645
746.000000000000000,0.978188226435183
747.000000000000000,0.977727016726481
748.000000000000000,0.977969497427275
749.000000000000000,0.978291092061755
750.000000000000000,0.978117425625783
751.000000000000000,0.978020597516149
752.000000000000000,0.978120333621974
753.000000000000000,0.977931616497855
754.000000000000000,0.978234278916141
755.000000000000000,0.978367810651115
756.000000000000000,0.977888244992614
757.000000000000000,0.978061807836288
758.000000000000000,0.978340032895915
759.000000000000000,0.977705801340756
760.000000000000000,0.978466313893981
761.000000000000000,0.978607722984221
762.000000000000000,0.978148633518971
763.000000000000000,0.977744537018418
764.000000000000000,0.978207610719121
765.000000000000000,0.977930147590461
766.000000000000000,0.978520598793328
767.000000000000000,0.978528342893465
768.000000000000000,0.978627804447952
769.000000000000000,0.978757584915106
770.000000000000000,0.978921090714987
771.000000000000000,0.978108836333133
772.000000000000000,0.978492004908752
773.000000000000000,0.978083253568608
774.000000000000000,0.978666631996002
775.000000000000000,0.977743444707875
776.000000000000000,0.977896969212930
777.000000000000000,0.978376597771007
778.000000000000000,0.978278896915346
779.000000000000000,0.978436456677084
780.000000000000000,0.978403621282831
781.000000000000000,0.978606106235426
782.000000000000000,0.977692102587428
783.000000000000000,0.978729533278463
784.000000000000000,0.978356757235899
785.000000000000000,0.978156484029912
786.000000000000000,0.978315040977981
787.000000000000000,0.978579973283614
788.000000000000000,0.978027861667846
789.000000000000000,0.978668325525004
790.000000000000000,0.978545903397448
791.000000000000000,0.978157617114431
792.000000000000000,0.978682403152569
793.000000000000000,0.978626304962172
794.000000000000000,0.978396242068225
795.000000000000000,0.979143561074410
796.000000000000000,0.978014616948748
797.000000000000000,0.979266178737003
798.000000000000000,0.979182531250711
799.000000000000000,0.978428322617975
800.000000000000000,0.978430656355849
801.000000000000000,0.978911658414959
802.000000000000000,0.978188929499438
803.000000000000000,0.979183282122617
804.000000000000000,0.978617598681183
805.000000000000000,0.978697302183725
806.000000000000000,0.978770978230477
807.000000000000000,0.978284786741262
808.000000000000000,0.978619796447570
809.000000000000000,0.978185762254093
810.000000000000000,0.978927077709478
811.000000000000000,0.978275080956585
812.000000000000000,0.978160421899595
813.000000000000000,0.979014211271072
814.000000000000000,0.979059181761280
815.000000000000000,0.978230268578220
816.000000000000000,0.978534140038912
817.000000000000000,0.978438741029470
818.000000000000000,0.978693270449267
819.000000000000000,0.978865667507261
820.000000000000000,0.978433313178870
821.000000000000000,0.978145288511731
822.000000000000000,0.978459440177059
823.000000000000000,0.978356649254018
824.000000000000000,0.978662318533759
825.000000000000000,0.978217045724324
826.000000000000000,0.978543454317701
827.000000000000000,0.979009054244559
828.000000000000000,0.979264104895232
829.000000000000000,0.978569252374593
830.000000000000000,0.978580617041609
831.000000000000000,0.978706246019877
832.000000000000000,0.978616477548890
833.000000000000000,0.979162809814982
834.000000000000000,0.978859213706404
835.000000000000000,0.979348838684658
836.000000000000000,0.979063155034333
837.000000000000000,0.978407914556721
838.000000000000000,0.977972475640820
839.000000000000000,0.978983817377876
840.000000000000000,0.978849148779030
841.000000000000000,0.978893154797993
842.000000000000000,0.978415013810277
843.000000000000000,0.978725702757683
844.000000000000000,0.979339580213730
845.000000000000000,0.978716763966784
846.000000000000000,0.978096064073227
847.000000000000000,0.979635578597300
848.000000000000000,0.979671983106412
849.000000000000000,0.979543078845449
850.000000000000000,0.978952372400208
851.000000000000000,0.979180525724909
852.000000000000000,0.977882155802631
853.000000000000000,0.978889052650574
854.000000000000000,0.980484523852455
855.000000000000000,0.980206399027256
856.000000000000000,0.979716424608443
857.000000000000000,0.978633959621753
858.000000000000000,0.979325678179138
859.000000000000000,0.979604298440194
860.000000000000000,0.978987613750425
861.000000000000000,0.978576166837366
862.000000000000000,0.979510165965168
863.000000000000000,0.979663188143385
864.000000000000000,0.979743281751682
865.000000000000000,0.979721659180393
866.000000000000000,0.979735577024380
867.000000000000000,0.979561572176280
868.000000000000000,0.979559696409825
869.000000000000000,0.979805935500821
870.000000000000000,0.979765308119092
871.000000000000000,0.979720255522038
872.000000000000000,0.979664410419424
873.000000000000000,0.979632960509770
874.000000000000000,0.979814376202835
875.000000000000000,0.979771919701062
876.000000000000000,0.979765532289511
877.000000000000000,0.979757157969909
878.000000000000000,0.979736743579292
879.000000000000000,0.979698055671024
880.000000000000000,0.979716949722369
881.000000000000000,0.979903099877144
882.000000000000000,0.979877312488895
883.000000000000000,0.979839289484166
884.000000000000000,0.979702029591860
885.000000000000000,0.979699905507299
886.000000000000000,0.979893141554121
887.000000000000000,0.980039630481438
888.000000000000000,0.979942349319499
889.000000000000000,0.979885884165841
890.000000000000000,0.979913519278481
891.000000000000000,0.979879303343010
892.000000000000000,0.979817395870792
893.000000000000000,0.979889627130017
894.000000000000000,0.979918171911843
895.000000000000000,0.979824565197041
896.000000000000000,0.979946032769237
897.000000000000000,0.979975051861740
898.000000000000000,0.980015183762308
899.000000000000000,0.980032656575890
900.000000000000000,0.979983864683965
901.000000000000000,0.979981885367932
902.000000000000000,0.979956067622437
903.000000000000000,0.979939333791875
904.000000000000000,0.979920413220118
905.000000000000000,0.979894594984990
906.000000000000000,0.980017901368683
907.000000000000000,0.980109866054356
908.000000000000000,0.980104648155569
909.000000000000000,0.980080819733680
910.000000000000000,0.979964587628281
911.000000000000000,0.979875858827496
912.000000000000000,0.979876073007783
913.000000000000000,0.979976911608227
914.000000000000000,0.980001482165669
915.000000000000000,0.979944427348148
916.000000000000000,0.979918933685419
917.000000000000000,0.980035846724384
918.000000000000000,0.980093029162685
919.000000000000000,0.980163612878392
920.000000000000000,0.980164480935461
921.000000000000000,0.980130451406466
922.000000000000000,0.980097839147896
923.000000000000000,0.979923087417478
924.000000000000000,0.980030365239706
925.000000000000000,0.980043430639822
926.000000000000000,0.980051696806856
927.000000000000000,0.980010859987224
928.000000000000000,0.979878703985403
929.000000000000000,0.980049634579682
930.000000000000000,0.980155145621626
931.000000000000000,0.980239657397185
932.000000000000000,0.980423009897149
933.000000000000000,0.980365804685928
934.000000000000000,0.980341033384776
935.000000000000000,0.980155135594600
936.000000000000000,0.980126472410038
937.000000000000000,0.980351198628196
938.000000000000000,0.980416773504600
939.000000000000000,0.980309307191593
940.000000000000000,0.980240515482548
941.000000000000000,0.980241266492089
942.000000000000000,0.980317326480717
943.000000000000000,0.980260619621043
944.000000000000000,0.980295190326077
945.000000000000000,0.980238827982512
946.000000000000000,0.980395244087442
947.000000000000000,0.980420086223101
948.000000000000000,0.980363868159344
949.000000000000000,0.980252100339859
950.000000000000000,0.980201991823165
951.000000000000000,0.980235581543210
952.000000000000000,0.980372752508813
953.000000000000000,0.980432194441890
954.000000000000000,0.980394644623406
955.000000000000000,0.980349853878613
956.000000000000000,0.980379746207856
957.000000000000000,0.980137398377493
958.000000000000000,0.980122056745359
959.000000000000000,0.980147625479436
960.000000000000000,0.980297488243816
961.000000000000000,0.980442065369746
962.000000000000000,0.980378866839408
963.000000000000000,0.980279201559382
964.000000000000000,0.980217501396434
965.000000000000000,0.980150318666953
966.000000000000000,0.980329990880831
967.000000000000000,0.980303823860320
968.000000000000000,0.980247685550088
969.000000000000000,0.980251902722601
970.000000000000000,0.980292681061873
971.000000000000000,0.980259807633801
972.000000000000000,0.980398298384458
973.000000000000000,0.980406365116095
974.000000000000000,0.980434554130931
975.000000000000000,0.980326500435308
976.000000000000000,0.980281839114725
977.000000000000000,0.980331715207792
978.000000000000000,0.980321772811765
979.000000000000000,0.980292558954705
980.000000000000000,0.980288501622275
981.000000000000000,0.980398168900174
982.000000000000000,0.980389918490870
983.000000000000000,0.980299664546442
984.000000000000000,0.980463622200593
985.000000000000000,0.980389156449626
986.000000000000000,0.980408486862453
987.000000000000000,0.980483627608489
988.000000000000000,0.980496480292359
989.000000000000000,0.980536409690335
990.000000000000000,0.980483581804768
991.000000000000000,0.980433231440503
992.000000000000000,0.980543593885112
993.000000000000000,0.980415625051390
994.000000000000000,0.980433018614400
995.000000000000000,0.980470524332747
996.000000000000000,0.980598358775931
997.000000000000000,0.980675555319525
998.000000000000000,0.980708215204793
999.000000000000000,0.980639963399611
1000.000000000000000,0.980581692434553
1001.000000000000000,0.980579468434485
1002.000000000000000,0.980688714986609
1003.000000000000000,0.980601245251713
1004.000000000000000,0.980615732009072
1005.000000000000000,0.980544946390207
1006.000000000000000,0.980650032593647
1007.000000000000000,0.980540282267458
1008.000000000000000,0.980652765798507
1009.000000000000000,0.980686032715457
1010.000000000000000,0.980657824924875
1011.000000000000000,0.980676643361708
1012.000000000000000,0.980665252952049
1013.000000000000000,0.980660490881120
1014.000000000000000,0.980701924344846
1015.000000000000000,0.980727921184550
1016.000000000000000,0.980760141168263
1017.000000000000000,0.980806460768625
1018.000000000000000,0.980805157300341
1019.000000000000000,0.980807276424857
1020.000000000000000,0.980775811343466
1021.000000000000000,0.980778971027446
1022.000000000000000,0.980790490725256
1023.000000000000000,0.980778539292510
1024.000000000000000,0.980791976947950
1025.000000000000000,0.980732375058453
1026.000000000000000,0.980807989808441
1027.000000000000000,0.980803814845655
1028.000000000000000,0.980793220729299
1029.000000000000000,0.980685060904423
1030.000000000000000,0.980796938691889
1031.000000000000000,0.980734562411158
1032.000000000000000,0.980829707571550
1033.000000000000000,0.980813145747709
1034.000000000000000,0.980809764243637
1035.000000000000000,0.980776391822361
1036.000000000000000,0.980757380408787
1037.000000000000000,0.980830171213560
1038.000000000000000,0.980856635569852
1039.000000000000000,0.980849288205087
1040.000000000000000,0.980848948334062
1041.000000000000000,0.980822731838915
1042.000000000000000,0.980805374475930
1043.000000000000000,0.980820771999527
1044.000000000000000,0.980879290957775
1045.000000000000000,0.980892791300861
1046.000000000000000,0.980856196743621
1047.000000000000000,0.980768585282393
1048.000000000000000,0.980869541705409
1049.000000000000000,0.980861071076150
1050.000000000000000,0.980856501807769
1051.000000000000000,0.980868028377663
1052.000000000000000,0.980782404764839
1053.000000000000000,0.980792107000681
1054.000000000000000,0.980798253332067
1055.000000000000000,0.980801548272593
1056.000000000000000,0.980892072718111
1057.000000000000000,0.980890984350281
1058.000000000000000,0.980890328729674
1059.000000000000000,0.980702995390534
1060.000000000000000,0.980826914659373
1061.000000000000000,0.980838212304266
1062.000000000000000,0.980843874579885
1063.000000000000000,0.980843345550018
1064.000000000000000,0.980836707544241
1065.000000000000000,0.980849040648219
1066.000000000000000,0.980943217127730
1067.000000000000000,0.980870558063545
1068.000000000000000,0.980980872089284
1069.000000000000000,0.980977830686915
1070.000000000000000,0.980954366331231
1071.000000000000000,0.980966835114998
1072.000000000000000,0.980884943734594
1073.000000000000000,0.980915459654366
1074.000000000000000,0.980928023489436
1075.000000000000000,0.980918500400675
1076.000000000000000,0.981013053680498
1077.000000000000000,0.980927799324419
1078.000000000000000,0.980932038054931
1079.000000000000000,0.980932093763278
1080.000000000000000,0.980935774235345
1081.000000000000000,0.980941334053156
1082.000000000000000,0.980927754857772
1083.000000000000000,0.980839712630238
1084.000000000000000,0.980951327529790
1085.000000000000000,0.980955808472879
1086.000000000000000,0.980983802284673
1087.000000000000000,0.980982987469519
1088.000000000000000,0.980988321200179
1089.000000000000000,0.980993051550053
1090.000000000000000,0.980985478981314
1091.000000000000000,0.980977818698124
1092.000000000000000,0.980881261773691
1093.000000000000000,0.980887081289835
1094.000000000000000,0.980993676765628
1095.000000000000000,0.980987895678641
1096.000000000000000,0.981013142129705
1097.000000000000000,0.981011662362167
1098.000000000000000,0.980916156296390
1099.000000000000000,0.980902559789755
1100.000000000000000,0.981013268915844
1101.000000000000000,0.981020711794310
1102.000000000000000,0.981032437480229
1103.000000000000000,0.981054514514121
1104.000000000000000,0.981044635946278
1105.000000000000000,0.981067906413896
1106.000000000000000,0.981088018014230
1107.000000000000000,0.981080186804245
1108.000000000000000,0.981079800633644
1109.000000000000000,0.981060301229433
1110.000000000000000,0.980981182272244
1111.000000000000000,0.981012553462683
1112.000000000000000,0.981043941742767
1113.000000000000000,0.981185723858865
1114.000000000000000,0.981214761685518
1115.000000000000000,0.981216601777074
1116.000000000000000,0.981245476157031
1117.000000000000000,0.981288590348209
1118.000000000000000,0.981241612735133
1119.000000000000000,0.981349856262051
1120.000000000000000,0.981291499209831
1121.000000000000000,0.981416337175844
1122.000000000000000,0.981421962491965
1123.000000000000000,0.981436601538811
1124.000000000000000,0.981445080029589
1125.000000000000000,0.981447878617966
1126.000000000000000,0.981441748953022
1127.000000000000000,0.981435003080812
1128.000000000000000,0.981436977978151
1129.000000000000000,0.981435681346749
1130.000000000000000,0.981438273472297
1131.000000000000000,0.981431263649199
1132.000000000000000,0.981446178550547
1133.000000000000000,0.981450420426756
1134.000000000000000,0.981381715783168
1135.000000000000000,0.981386453458194
1136.000000000000000,0.981370613261057
1137.000000000000000,0.981463340591174
1138.000000000000000,0.981451750105298
1139.000000000000000,0.981449394634569
1140.000000000000000,0.981443313633280
1141.000000000000000,0.981366394987878
1142.000000000000000,0.981464285060017
1143.000000000000000,0.981460681058935
1144.000000000000000,0.981465895852903
1145.000000000000000,0.981382402255859
1146.000000000000000,0.981390400262188
1147.000000000000000,0.981411944964737
1148.000000000000000,0.981429151654847
1149.000000000000000,0.981443001493437
1150.000000000000000,0.981448685427322
1151.000000000000000,0.981447983941187
1152.000000000000000,0.981440417465759
1153.000000000000000,0.981444864739597
1154.000000000000000,0.981340688092267
1155.000000000000000,0.981325532725812
1156.000000000000000,0.981295231369391
1157.000000000000000,0.981287680234009
1158.000000000000000,0.981270790898756
1159.000000000000000,0.981258766121804
1160.000000000000000,0.981149693918385
1161.000000000000000,0.981144419447213
1162.000000000000000,0.981124081316318
1163.000000000000000,0.981111563436864
1164.000000000000000,0.981016283600119
1165.000000000000000,0.981022571385263
1166.000000000000000,0.980923285202068
1167.000000000000000,0.981031478000271
1168.000000000000000,0.980942742876104
1169.000000000000000,0.981055864081786
1170.000000000000000,0.980978049150584
1171.000000000000000,0.980972984088277
1172.000000000000000,0.980880629215560
1173.000000000000000,0.980858946259546
1174.000000000000000,0.980849505876294
1175.000000000000000,0.980856083766402
1176.000000000000000,0.980813623877205
1177.000000000000000,0.980829660638463
1178.000000000000000,0.980829424101814
1179.000000000000000,0.980721452219546
1180.000000000000000,0.980726885074802
1181.000000000000000,0.980721980448572
1182.000000000000000,0.980732830685430
1183.000000000000000,0.980746125618547
1184.000000000000000,0.980662225823382
1185.000000000000000,0.980668201223707
1186.000000000000000,0.980570475730560
1187.000000000000000,0.980655684917201
1188.000000000000000,0.980559161115950
1189.000000000000000,0.980564420980062
1190.000000000000000,0.980582597843692
1191.000000000000000,0.980581322245549
1192.000000000000000,0.980586530779387
1193.000000000000000,0.980675059849087
1194.000000000000000,0.980549986264384
1195.000000000000000,0.980538656035516
1196.000000000000000,0.980544198976037
1197.000000000000000,0.980550884818147
1198.000000000000000,0.980493209788485
1199.000000000000000,0.980503480134376
1200.000000000000000,0.980504182720627
1201.000000000000000,0.980518824034737
1202.000000000000000,0.980515249030786
1203.000000000000000,0.980406965230448
1204.000000000000000,0.980410207786370
1205.000000000000000,0.980525686183335
1206.000000000000000,0.980434363453550
1207.000000000000000,0.980454634973163
1208.000000000000000,0.980450944652374
1209.000000000000000,0.980435020059489
1210.000000000000000,0.980437290385096
1211.000000000000000,0.980440991748408
1212.000000000000000,0.980447999880796
1213.000000000000000,0.980452202277822
1214.000000000000000,0.980462491434930
1215.000000000000000,0.980450802622392
1216.000000000000000,0.980452611505046
1217.000000000000000,0.980358718982011
1218.000000000000000,0.980355595970447
1219.000000000000000,0.980445661383126
1220.000000000000000,0.980534519237651
1221.000000000000000,0.980259142504853
1222.000000000000000,0.980447613501368
1223.000000000000000,0.980445906817173
1224.000000000000000,0.980457585668030
1225.000000000000000,0.980470003533579
1226.000000000000000,0.980469462349357
1227.000000000000000,0.980473996836003
1228.000000000000000,0.980466643080828
1229.000000000000000,0.980560048509333
1230.000000000000000,0.980542707001250
1231.000000000000000,0.980445418122923
1232.000000000000000,0.980442204052331
1233.000000000000000,0.980442049794624
1234.000000000000000,0.980424854536002
1235.000000000000000,0.980426012504022
1236.000000000000000,0.980435076225361
1237.000000000000000,0.980468890391830
1238.000000000000000,0.980494884772787
1239.000000000000000,0.980510627347174
1240.000000000000000,0.980508847641218
1241.000000000000000,0.980516331284751
1242.000000000000000,0.980522045496211
1243.000000000000000,0.980520656426880
1244.000000000000000,0.980523403311039
1245.000000000000000,0.980518662162869
1246.000000000000000,0.980518680715690
1247.000000000000000,0.980402475011840
1248.000000000000000,0.980497360669340
1249.000000000000000,0.980489015156555
1250.000000000000000,0.980505083962242
1251.000000000000000,0.980528920019762
1252.000000000000000,0.980449884884749
1253.000000000000000,0.980455056870144
1254.000000000000000,0.980465286295428
1255.000000000000000,0.980462340594649
1256.000000000000000,0.980361293004568
1257.000000000000000,0.980354570146556
1258.000000000000000,0.980346909324352
1259.000000000000000,0.980336888679020
1260.000000000000000,0.980337116406688
1261.000000000000000,0.980335207769234
1262.000000000000000,0.980338738772642
1263.000000000000000,0.980250901157154
1264.000000000000000,0.980251010398994
1265.000000000000000,0.980259041417573
1266.000000000000000,0.980174587075473
1267.000000000000000,0.980171793847463
1268.000000000000000,0.980074517972810
1269.000000000000000,0.980074556318307
1270.000000000000000,0.980086650062782
1271.000000000000000,0.980097593936554
1272.000000000000000,0.980131907713681
1273.000000000000000,0.980146533218483
1274.000000000000000,0.980138393755763
1275.000000000000000,0.980135290686702
1276.000000000000000,0.979971433513154
1277.000000000000000,0.979970032008026
1278.000000000000000,0.979960076115658
1279.000000000000000,0.979955653161086
1280.000000000000000,0.979888469576253
1281.000000000000000,0.979893094368788
1282.000000000000000,0.979907755451954
1283.000000000000000,0.979910229053769
1284.000000000000000,0.979907778274185
1285.000000000000000,0.979909143336096
1286.000000000000000,0.979827766905566
1287.000000000000000,0.979846131727417
1288.000000000000000,0.979853174781132
1289.000000000000000,0.979856748046866
1290.000000000000000,0.979863125691251
1291.000000000000000,0.979855731028551
1292.000000000000000,0.979757985291601
1293.000000000000000,0.979753629747344
1294.000000000000000,0.979756246787828
1295.000000000000000,0.979747148355506
1296.000000000000000,0.979741302736862
1297.000000000000000,0.979667202564374
1298.000000000000000,0.979655447510947
1299.000000000000000,0.979657036716105
1300.000000000000000,0.979657699187656
1301.000000000000000,0.979664130346678
1302.000000000000000,0.979664890320846
1303.000000000000000,0.979571529497918
1304.000000000000000,0.979554463285591
1305.000000000000000,0.979529980729636
1306.000000000000000,0.979522869809981
1307.000000000000000,0.979514102935591
1308.000000000000000,0.979428451904785
1309.000000000000000,0.979421206432151
1310.000000000000000,0.979441729228960
1311.000000000000000,0.979442608433160
1312.000000000000000,0.979353306519736
1313.000000000000000,0.979356646084633
1314.000000000000000,0.979365494318071
1315.000000000000000,0.979366554761560
1316.000000000000000,0.979380569881415
1317.000000000000000,0.979381737732160
1318.000000000000000,0.979371493759614
1319.000000000000000,0.979273528240384
1320.000000000000000,0.979159471984005
1321.000000000000000,0.979150884803073
1322.000000000000000,0.979170005557366
1323.000000000000000,0.979167428831586
1324.000000000000000,0.979165726351964
1325.000000000000000,0.979168965901824
1326.000000000000000,0.979115577147366
1327.000000000000000,0.979125910794089
1328.000000000000000,0.979042318264844
1329.000000000000000,0.979064984794379
1330.000000000000000,0.978986907591677
1331.000000000000000,0.979006862986965
1332.000000000000000,0.979022077744106
1333.000000000000000,0.979016717759530
1334.000000000000000,0.979030452525449
1335.000000000000000,0.979032930072492
1336.000000000000000,0.979059849921830
1337.000000000000000,0.978998296601252
1338.000000000000000,0.979025018443416
1339.000000000000000,0.978947228441690
1340.000000000000000,0.979067281551942
1341.000000000000000,0.978985210821596
1342.000000000000000,0.979010553942582
1343.000000000000000,0.979022144255867
1344.000000000000000,0.979068628129137
1345.000000000000000,0.979036184219319
1346.000000000000000,0.979222980490133
1347.000000000000000,0.979361106470647
1348.000000000000000,0.979400741331770
1349.000000000000000,0.979540166095498
1350.000000000000000,0.979796814428456
1351.000000000000000,0.979977441596692
1352.000000000000000,0.980158687335531
1353.000000000000000,0.980266562412399
1354.000000000000000,0.980572859937753
1355.000000000000000,0.980778389420376
1356.000000000000000,0.980998341716205
1357.000000000000000,0.981113482565344
1358.000000000000000,0.981434144487346
1359.000000000000000,0.981530991158392
1360.000000000000000,0.981725692314991
1361.000000000000000,0.981850268372039
1362.000000000000000,0.981855021656048
1363.000000000000000,0.981909531702288
1364.000000000000000,0.981906550018685
1365.000000000000000,0.981890186994691
1366.000000000000000,0.981833339137678
1367.000000000000000,0.981661756124017
1368.000000000000000,0.981647060754407
1369.000000000000000,0.981436423652521
1370.000000000000000,0.981287213408488
1371.000000000000000,0.981070478303637
1372.000000000000000,0.981034356626977
1373.000000000000000,0.980964186630319
1374.000000000000000,0.980903550411813
1375.000000000000000,0.980907528141697
1376.000000000000000,0.980975398350446
1377.000000000000000,0.981061687052628
1378.000000000000000,0.981221964058154
1379.000000000000000,0.981254591818906
1380.000000000000000,0.981457509337859
1381.000000000000000,0.981654072641131
1382.000000000000000,0.981801417321241
1383.000000000000000,0.981801978514363
1384.000000000000000,0.981711159385073
1385.000000000000000,0.981476794107813
1386.000000000000000,0.981426775839331
1387.000000000000000,0.981142981440565
1388.000000000000000,0.980990256277130
1389.000000000000000,0.980822235100283
1390.000000000000000,0.980704583873584
1391.000000000000000,0.980625300940199
1392.000000000000000,0.980532640806759
1393.000000000000000,0.980471749993582
1394.000000000000000,0.980357766226446
1395.000000000000000,0.980250233035597
1396.000000000000000,0.980127219543855
1397.000000000000000,0.979965960153588
1398.000000000000000,0.979941622871087
1399.000000000000000,0.979728659798004
1400.000000000000000,0.979543759659353
1401.000000000000000,0.979565193454627
1402.000000000000000,0.979527670031162
1403.000000000000000,0.979518161527707
1404.000000000000000,0.979611263369682
1405.000000000000000,0.979657938915389
1406.000000000000000,0.979598888269150
1407.000000000000000,0.979626824040024
1408.000000000000000,0.979657367397693
1409.000000000000000,0.979768021201648
1410.000000000000000,0.979778588816479
1411.000000000000000,0.979766971747758
1412.000000000000000,0.979768397726357
1413.000000000000000,0.979751342324014
1414.000000000000000,0.979739543559716
1415.000000000000000,0.979735951805042
1416.000000000000000,0.979819633301708
1417.000000000000000,0.979801026729236
1418.000000000000000,0.979788868681024
1419.000000000000000,0.979781204826469
1420.000000000000000,0.979779943957836
1421.000000000000000,0.979764156473777
1422.000000000000000,0.979846605805789
1423.000000000000000,0.979828661004653
1424.000000000000000,0.979801949829345
1425.000000000000000,0.979836591206576
1426.000000000000000,0.979927940192981
1427.000000000000000,0.979927895697292
1428.000000000000000,0.979936445598033
1429.000000000000000,0.979942792072954
1430.000000000000000,0.980054135027190
1431.000000000000000,0.980080487198043
1432.000000000000000,0.980109645724665
1433.000000000000000,0.980223401373195
1434.000000000000000,0.980260056415669
1435.000000000000000,0.980276859429878
1436.000000000000000,0.980290850420749
1437.000000000000000,0.980300480554543
1438.000000000000000,0.980407101454978
1439.000000000000000,0.980423671457195
1440.000000000000000,0.980524062244067
1441.000000000000000,0.980516059134959
1442.000000000000000,0.980485708624113
1443.000000000000000,0.980461287644301
1444.000000000000000,0.980427200129107
1445.000000000000000,0.980420481002513
1446.000000000000000,0.980380412960621
1447.000000000000000,0.980356415986342
1448.000000000000000,0.980324108021169
1449.000000000000000,0.980209459047803
1450.000000000000000,0.980303126785187
1451.000000000000000,0.980281839448567
1452.000000000000000,0.980262412788482
1453.000000000000000,0.980237352388711
1454.000000000000000,0.980212162553315
1455.000000000000000,0.980178938703437
1456.000000000000000,0.980160962456092
1457.000000000000000,0.980145989515687
1458.000000000000000,0.980148357588082
1459.000000000000000,0.980148646585958
1460.000000000000000,0.980169117609914
1461.000000000000000,0.980214012537090
1462.000000000000000,0.980235988930478
1463.000000000000000,0.980276028171686
1464.000000000000000,0.980291507634745
1465.000000000000000,0.980274468634569
1466.000000000000000,0.980271307699477
1467.000000000000000,0.980253891968101
1468.000000000000000,0.980355503809438
1469.000000000000000,0.980363176947838
1470.000000000000000,0.980384003200338
1471.000000000000000,0.980414601406902
1472.000000000000000,0.980437375787952
1473.000000000000000,0.980366297083235
1474.000000000000000,0.980464741601167
1475.000000000000000,0.980448352140484
1476.000000000000000,0.980436323806678
1477.000000000000000,0.980407252687143
1478.000000000000000,0.980384607031231
1479.000000000000000,0.980351599789754
1480.000000000000000,0.980328811433700
1481.000000000000000,0.980213416855645
1482.000000000000000,0.980210636258149
1483.000000000000000,0.980223983355128
1484.000000000000000,0.980225370173686
1485.000000000000000,0.980217296899367
1486.000000000000000,0.980199685656145
1487.000000000000000,0.980159691040548
1488.000000000000000,0.980137715943910
1489.000000000000000,0.980113841954202
1490.000000000000000,0.980013009925847
1491.000000000000000,0.980030968515045
1492.000000000000000,0.980043897955857
1493.000000000000000,0.980088209625875
1494.000000000000000,0.980112159335557
1495.000000000000000,0.980210608909181
1496.000000000000000,0.980221957906421
1497.000000000000000,0.980201180136573
1498.000000000000000,0.980187700168291
1499.000000000000000,0.980257291208658
1500.000000000000000,0.980232924703640
1501.000000000000000,0.980215389475602
1502.000000000000000,0.980104831319809
1503.000000000000000,0.980115816075309
1504.000000000000000,0.980154083360114
1505.000000000000000,0.980179705440842
1506.000000000000000,0.980209701367793
1507.000000000000000,0.980224840138706
1508.000000000000000,0.980213908405466
1509.000000000000000,0.980213772006144
1510.000000000000000,0.980196851379045
1511.000000000000000,0.980187485425962
1512.000000000000000,0.980065376860169
1513.000000000000000,0.980144278273091
1514.000000000000000,0.980041702222705
1515.000000000000000,0.980129517213455
1516.000000000000000,0.980135039638319
1517.000000000000000,0.980049299843059
1518.000000000000000,0.980057410379335
1519.000000000000000,0.980155665546263
1520.000000000000000,0.980068194704830
1521.000000000000000,0.980054942495446
1522.000000000000000,0.980024198096855
1523.000000000000000,0.980107716244510
1524.000000000000000,0.980081623923530
1525.000000000000000,0.979983630310332
1526.000000000000000,0.980086077815991
1527.000000000000000,0.980099138845531
1528.000000000000000,0.980031751650278
1529.000000000000000,0.980032426459865
1530.000000000000000,0.980027221265364
1531.000000000000000,0.980027468245621
1532.000000000000000,0.980020323762724
1533.000000000000000,0.980019237702228
1534.000000000000000,0.980023806144562
1535.000000000000000,0.980034893708113
1536.000000000000000,0.980038171067939
1537.000000000000000,0.980052243560680
1538.000000000000000,0.980066678982369
1539.000000000000000,0.980183804782425
1540.000000000000000,0.980115552541531
1541.000000000000000,0.980235962501793
1542.000000000000000,0.980149606608987
1543.000000000000000,0.980156154751517
1544.000000000000000,0.980149401519606
1545.000000000000000,0.980131426524224
1546.000000000000000,0.980119566320475
1547.000000000000000,0.980102781768145
1548.000000000000000,0.980047484370000
1549.000000000000000,0.979939623456920
1550.000000000000000,0.980020152229387
1551.000000000000000,0.980020496896766
1552.000000000000000,0.980055014861896
1553.000000000000000,0.979968508486174
1554.000000000000000,0.979959311160235
1555.000000000000000,0.979969149858771
1556.000000000000000,0.980043223218352
1557.000000000000000,0.980041344397394
1558.000000000000000,0.980057203269656
1559.000000000000000,0.979973343248307
1560.000000000000000,0.979980647533388
1561.000000000000000,0.980074298533601
1562.000000000000000,0.980067768014073
1563.000000000000000,0.980069878304208
1564.000000000000000,0.980082192271500
1565.000000000000000,0.980007640541320
1566.000000000000000,0.980029593010911
1567.000000000000000,0.980033656773778
1568.000000000000000,0.980100928160954
1569.000000000000000,0.980093155158351
1570.000000000000000,0.980059258565226
1571.000000000000000,0.980054112162438
1572.000000000000000,0.980074372363783
1573.000000000000000,0.980069424992557
1574.000000000000000,0.979977663700573
1575.000000000000000,0.980013888949025
1576.000000000000000,0.980040683543839
1577.000000000000000,0.980043365753011
1578.000000000000000,0.980044913597199
1579.000000000000000,0.980137229915548
1580.000000000000000,0.980016756048432
1581.000000000000000,0.980014737005643
1582.000000000000000,0.979912979284348
1583.000000000000000,0.980010667169350
1584.000000000000000,0.980011034155773
1585.000000000000000,0.980005786357919
1586.000000000000000,0.980004699267223
1587.000000000000000,0.979997407062411
1588.000000000000000,0.980004238993533
1589.000000000000000,0.979999087166961
1590.000000000000000,0.980011902417537
1591.000000000000000,0.980024742089845
1592.000000000000000,0.980030348940562
1593.000000000000000,0.980020382658622
1594.000000000000000,0.980010923331901
1595.000000000000000,0.979897266728793
1596.000000000000000,0.979895134661842
1597.000000000000000,0.979893612045127
1598.000000000000000,0.979889125900698
1599.000000000000000,0.979802293193007
1600.000000000000000,0.979911110042915
1601.000000000000000,0.979920808944545
1602.000000000000000,0.979932359676483
1603.000000000000000,0.979955603085294
1604.000000000000000,0.979867391389939
1605.000000000000000,0.979860117070973
1606.000000000000000,0.979865399946015
1607.000000000000000,0.979758025714700
1608.000000000000000,0.979766354018510
1609.000000000000000,0.979776245326404
1610.000000000000000,0.979768962754246
1611.000000000000000,0.979759876106243
1612.000000000000000,0.979662178189016
1613.000000000000000,0.979637853784071
1614.000000000000000,0.979636312389259
1615.000000000000000,0.979653219697519
1616.000000000000000,0.979657414983618
1617.000000000000000,0.979579578860608
1618.000000000000000,0.979580536170516
1619.000000000000000,0.979563423109433
1620.000000000000000,0.979477724732954
1621.000000000000000,0.979483439837613
1622.000000000000000,0.979484746638850
1623.000000000000000,0.979525418420451
1624.000000000000000,0.979522106019602
1625.000000000000000,0.979385055042447
1626.000000000000000,0.979334606045310
1627.000000000000000,0.979339847448643
1628.000000000000000,0.979234060107395
1629.000000000000000,0.979158247755515
1630.000000000000000,0.979144299284489
1631.000000000000000,0.979093656454835
1632.000000000000000,0.979087905889816
1633.000000000000000,0.979104423613107
1634.000000000000000,0.979006894628912
1635.000000000000000,0.979034544741558
1636.000000000000000,0.978949194924868
1637.000000000000000,0.978947036891067
1638.000000000000000,0.978947784543534
1639.000000000000000,0.978859757530535
1640.000000000000000,0.978874099785324
1641.000000000000000,0.978875785960573
1642.000000000000000,0.978876230373602
1643.000000000000000,0.978766624037548
1644.000000000000000,0.978762597957711
1645.000000000000000,0.978728183869221
1646.000000000000000,0.978622852463872
1647.000000000000000,0.978637071513413
1648.000000000000000,0.978661361844246
1649.000000000000000,0.978590045018077
1650.000000000000000,0.978589924683340
1651.000000000000000,0.978598565211422
1652.000000000000000,0.978493856962556
1653.000000000000000,0.978479944617244
1654.000000000000000,0.978479868648374
1655.000000000000000,0.978385958745276
1656.000000000000000,0.978397887633077
1657.000000000000000,0.978413066576525
1658.000000000000000,0.978307187176469
1659.000000000000000,0.978318118267955
1660.000000000000000,0.978298256099264
1661.000000000000000,0.978178664043307
1662.000000000000000,0.978180196294831
1663.000000000000000,0.978194790093357
1664.000000000000000,0.978086139951418
1665.000000000000000,0.978076324564059
1666.000000000000000,0.978056324294786
1667.000000000000000,0.977939131931347
1668.000000000000000,0.977944545242116
1669.000000000000000,0.977952060747521
1670.000000000000000,0.977849271299849
1671.000000000000000,0.977857768890361
1672.000000000000000,0.977782801072166
1673.000000000000000,0.977780397156924
1674.000000000000000,0.977786312747116
1675.000000000000000,0.977686120754273
1676.000000000000000,0.977601145511340
1677.000000000000000,0.977585904260880
1678.000000000000000,0.977478350780347
1679.000000000000000,0.977462516983340
1680.000000000000000,0.977456243558922
1681.000000000000000,0.977355012334948
1682.000000000000000,0.977344515620656
1683.000000000000000,0.977328369452456
1684.000000000000000,0.977217460567530
1685.000000000000000,0.977115881697107
1686.000000000000000,0.977138450541901
1687.000000000000000,0.977126161299950
1688.000000000000000,0.977031827474702
1689.000000000000000,0.977044971701207
1690.000000000000000,0.977030642954051
1691.000000000000000,0.976933233235641
1692.000000000000000,0.976955957892465
1693.000000000000000,0.976870166628258
1694.000000000000000,0.976874140964861
1695.000000000000000,0.976897351870731
1696.000000000000000,0.976795071011546
1697.000000000000000,0.976803156428858
1698.000000000000000,0.976816009698531
1699.000000000000000,0.976822937128941
1700.000000000000000,0.976761141396080
1701.000000000000000,0.976778337217178
1702.000000000000000,0.976787221422280
1703.000000000000000,0.976775871547093
1704.000000000000000,0.976649255022440
1705.000000000000000,0.976652924870899
1706.000000000000000,0.976678539878506
1707.000000000000000,0.976598080029703
1708.000000000000000,0.976717221206383
1709.000000000000000,0.976725366447725
1710.000000000000000,0.976716858749306
1711.000000000000000,0.976625283924507
1712.000000000000000,0.976700047978167
1713.000000000000000,0.976686036730696
1714.000000000000000,0.976591096435363
1715.000000000000000,0.976666250035491
1716.000000000000000,0.976579133593472
1717.000000000000000,0.976574415727801
1718.000000000000000,0.976544523679740
1719.000000000000000,0.976439801111639
1720.000000000000000,0.976432824771398
1721.000000000000000,0.976519675060429
1722.000000000000000,0.976536237003485
1723.000000000000000,0.976523281682761
1724.000000000000000,0.976510999737909
1725.000000000000000,0.976502236219022
1726.000000000000000,0.976477057093356
1727.000000000000000,0.976459385216042
1728.000000000000000,0.976488062061547
1729.000000000000000,0.976502159149092
1730.000000000000000,0.976590356382691
1731.000000000000000,0.976607807340316
1732.000000000000000,0.976627637527707
1733.000000000000000,0.976630558602296
1734.000000000000000,0.976640416628092
1735.000000000000000,0.976762410989689
1736.000000000000000,0.976661284729265
1737.000000000000000,0.976667293276492
1738.000000000000000,0.976692561210283
1739.000000000000000,0.976688936531121
1740.000000000000000,0.976796106672548
1741.000000000000000,0.976832806424113
1742.000000000000000,0.976856250020022
1743.000000000000000,0.976868061340353
1744.000000000000000,0.976986489726349
1745.000000000000000,0.976973620669583
1746.000000000000000,0.976957121725249
1747.000000000000000,0.976979736665112
1748.000000000000000,0.977012582371929
1749.000000000000000,0.977018643968059
1750.000000000000000,0.977171413115544
1751.000000000000000,0.977190800476994
1752.000000000000000,0.977195953651377
1753.000000000000000,0.977092734243578
1754.000000000000000,0.977170790528413
1755.000000000000000,0.977122891473260
1756.000000000000000,0.977068326773856
1757.000000000000000,0.977111926913712
1758.000000000000000,0.977078516266564
1759.000000000000000,0.977052968677216
1760.000000000000000,0.977066512904991
1761.000000000000000,0.976986190698218
1762.000000000000000,0.977001264379383
1763.000000000000000,0.977019663687985
1764.000000000000000,0.977019152562590
1765.000000000000000,0.977042512293139
1766.000000000000000,0.977066755867763
1767.000000000000000,0.977097781183883
1768.000000000000000,0.977103635630383
1769.000000000000000,0.977202769846101
1770.000000000000000,0.977201176507978
1771.000000000000000,0.977201793040023
1772.000000000000000,0.977254372112295
1773.000000000000000,0.977169927236282
1774.000000000000000,0.977251729556772
1775.000000000000000,0.977230832042934
1776.000000000000000,0.977210561314426
1777.000000000000000,0.977215666743215
1778.000000000000000,0.977137867235344
1779.000000000000000,0.977261075159380
1780.000000000000000,0.977292187649657
1781.000000000000000,0.977316618653883
1782.000000000000000,0.977330497323424
1783.000000000000000,0.977224768851445
1784.000000000000000,0.977132092945778
1785.000000000000000,0.977127082624175
1786.000000000000000,0.977230487706193
1787.000000000000000,0.977133198900878
1788.000000000000000,0.977227111464826
1789.000000000000000,0.977262376437809
1790.000000000000000,0.977264288152019
1791.000000000000000,0.977176023129412
1792.000000000000000,0.977212063255250
1793.000000000000000,0.977213354417838
1794.000000000000000,0.977151170755509
1795.000000000000000,0.977200469359288
1796.000000000000000,0.977228096612625
1797.000000000000000,0.977184851189964
1798.000000000000000,0.977182964215969
1799.000000000000000,0.977176941601305
1800.000000000000000,0.977233242432667
1801.000000000000000,0.976839072094670
1802.000000000000000,0.976860365460565
1803.000000000000000,0.976926345254552
1804.000000000000000,0.977141399922242
1805.000000000000000,0.977438664313191
1806.000000000000000,0.977616346359101
1807.000000000000000,0.977702550661225
1808.000000000000000,0.977977561906886
1809.000000000000000,0.978253417001314
1810.000000000000000,0.978326302755680
1811.000000000000000,0.978535885824454
1812.000000000000000,0.978606226273326
1813.000000000000000,0.978632172232166
1814.000000000000000,0.978627920185381
1815.000000000000000,0.978631509891689
1816.000000000000000,0.978622014298916
1817.000000000000000,0.978624137667349
1818.000000000000000,0.978661911546181
1819.000000000000000,0.978593532254575
1820.000000000000000,0.978413493239763
1821.000000000000000,0.978354283384536
1822.000000000000000,0.978329457070284
1823.000000000000000,0.978097755719447
1824.000000000000000,0.978059290194140
1825.000000000000000,0.978126673674226
1826.000000000000000,0.978108933349760
1827.000000000000000,0.978125828169241
1828.000000000000000,0.978114589481298
1829.000000000000000,0.977992024702095
1830.000000000000000,0.977996850725424
1831.000000000000000,0.977976554388385
1832.000000000000000,0.977963443652242
1833.000000000000000,0.978026449037512
1834.000000000000000,0.978058144976201
1835.000000000000000,0.978064358793000
1836.000000000000000,0.978197753987164
1837.000000000000000,0.978175921936071
1838.000000000000000,0.978090079375916
1839.000000000000000,0.977997907988687
1840.000000000000000,0.977873605400002
1841.000000000000000,0.977763312671231
1842.000000000000000,0.977604594699253
1843.000000000000000,0.977454220113794
1844.000000000000000,0.977273480910490
1845.000000000000000,0.977095807885963
1846.000000000000000,0.976926946396845
1847.000000000000000,0.976882558174956
1848.000000000000000,0.976771454238669
1849.000000000000000,0.976715013135969
1850.000000000000000,0.976699981519312
1851.000000000000000,0.976594681748416
1852.000000000000000,0.976452082803245
1853.000000000000000,0.976296741617233
1854.000000000000000,0.976185524477357
1855.000000000000000,0.975981326453430
1856.000000000000000,0.975835882232930
1857.000000000000000,0.975743717473884
1858.000000000000000,0.975581103486453
1859.000000000000000,0.975533399132559
1860.000000000000000,0.975519474785487
1861.000000000000000,0.975370318537692
1862.000000000000000,0.975378238413642
1863.000000000000000,0.975435211784434
1864.000000000000000,0.975526579603990
1865.000000000000000,0.975683343887777
1866.000000000000000,0.975899481284426
1867.000000000000000,0.975999271805103
1868.000000000000000,0.976220895734715
1869.000000000000000,0.976438455029862
1870.000000000000000,0.976442429898347
1871.000000000000000,0.976609999543606
1872.000000000000000,0.976497265705125
1873.000000000000000,0.976326327137217
1874.000000000000000,0.975937284158639
1875.000000000000000,0.975583261494484
1876.000000000000000,0.975089535418983
1877.000000000000000,0.974624457075828
1878.000000000000000,0.974311643708399
1879.000000000000000,0.974063306435615
1880.000000000000000,0.973742892431106
1881.000000000000000,0.973573085607125
1882.000000000000000,0.973324356153601
1883.000000000000000,0.973066025988507
1884.000000000000000,0.972995071107622
1885.000000000000000,0.972957158075919
1886.000000000000000,0.972864902917128
1887.000000000000000,0.973051133328715
1888.000000000000000,0.973086747846496
1889.000000000000000,0.973049354900447
1890.000000000000000,0.973090597705103
1891.000000000000000,0.973083024754844
1892.000000000000000,0.973056554723452
1893.000000000000000,0.973092874691104
1894.000000000000000,0.973037726145979
1895.000000000000000,0.973146006491284
1896.000000000000000,0.973364388379608
1897.000000000000000,0.973439536804574
1898.000000000000000,0.973572025501742
1899.000000000000000,0.973675862565950
1900.000000000000000,0.973845929727891
1901.000000000000000,0.973973949825042
1902.000000000000000,0.974045455644520
1903.000000000000000,0.974083477577364
1904.000000000000000,0.973960788388710
1905.000000000000000,0.973812442674676
1906.000000000000000,0.973619309408282
1907.000000000000000,0.973504267508198
1908.000000000000000,0.973302221671233
1909.000000000000000,0.973312141155403
1910.000000000000000,0.973140402330375
1911.000000000000000,0.973062395391413
1912.000000000000000,0.972975713107017
1913.000000000000000,0.972783767702693
1914.000000000000000,0.972693342762149
1915.000000000000000,0.972627073434158
1916.000000000000000,0.972607232175531
1917.000000000000000,0.972552142558361
1918.000000000000000,0.972380327734464
1919.000000000000000,0.972370902356134
1920.000000000000000,0.972348076726515
1921.000000000000000,0.972242617441596
1922.000000000000000,0.972182604406786
1923.000000000000000,0.972127845925473
1924.000000000000000,0.971983556434294
1925.000000000000000,0.971863865906514
1926.000000000000000,0.971616361984959
1927.000000000000000,0.971489346893735
1928.000000000000000,0.971308439349579
1929.000000000000000,0.971271170431647
1930.000000000000000,0.971278287802481
1931.000000000000000,0.971079376144407
1932.000000000000000,0.971000752565785
1933.000000000000000,0.970908831351147
1934.000000000000000,0.970743053123246
1935.000000000000000,0.970734402250473
1936.000000000000000,0.970700996035262
1937.000000000000000,0.970568852249502
1938.000000000000000,0.970531633627183
1939.000000000000000,0.970388942040180
1940.000000000000000,0.970323373211836
1941.000000000000000,0.970254745267409
1942.000000000000000,0.969986920587863
1943.000000000000000,0.970016556498471
1944.000000000000000,0.969719370259223
1945.000000000000000,0.969674643998818
1946.000000000000000,0.969577477801791
1947.000000000000000,0.969548105407716
1948.000000000000000,0.969421561799625
1949.000000000000000,0.969369877773780
1950.000000000000000,0.969216760755684
1951.000000000000000,0.969046453291756
1952.000000000000000,0.968979081538186
1953.000000000000000,0.968921772607518
1954.000000000000000,0.968698224286526
1955.000000000000000,0.968659220417327
1956.000000000000000,0.968545228837884
1957.000000000000000,0.968418472387692
1958.000000000000000,0.968413365157912
1959.000000000000000,0.968280969486877
1960.000000000000000,0.968191794755820
1961.000000000000000,0.968165552389904
1962.000000000000000,0.968144042364697
1963.000000000000000,0.968093389815691
1964.000000000000000,0.968015898173398
1965.000000000000000,0.967957490678000
1966.000000000000000,0.967883715689815
1967.000000000000000,0.967809777276414
1968.000000000000000,0.967740387052334
1969.000000000000000,0.967583242860133
1970.000000000000000,0.967613615974540
1971.000000000000000,0.967520496393408
1972.000000000000000,0.967353867136462
1973.000000000000000,0.967272874059142
1974.000000000000000,0.967150782162001
1975.000000000000000,0.967114712229632
1976.000000000000000,0.966838992007272
1977.000000000000000,0.966715827897139
1978.000000000000000,0.966510157210314
1979.000000000000000,0.966515125006355
1980.000000000000000,0.966421314472954
1981.000000000000000,0.966230562984384
1982.000000000000000,0.966130023588737
1983.000000000000000,0.965924224881759
1984.000000000000000,0.965937034959647
1985.000000000000000,0.965756466307379
1986.000000000000000,0.965643304044202
1987.000000000000000,0.965479967066786
1988.000000000000000,0.965400867090196
1989.000000000000000,0.965216089368304
1990.000000000000000,0.965142183905899
1991.000000000000000,0.965043679090408
1992.000000000000000,0.964758618074097
1993.000000000000000,0.964568928057883
1994.000000000000000,0.964473290034043
1995.000000000000000,0.964276982048800
1996.000000000000000,0.964187337887113
1997.000000000000000,0.963970397841957
1998.000000000000000,0.963649047499610
1999.000000000000000,0.963451716774736
2000.000000000000000,0.963246615745941
2001.000000000000000,0.963158167957711
2002.000000000000000,0.962876067012166
2003.000000000000000,0.962656009335440
2004.000000000000000,0.962465172717442
2005.000000000000000,0.962251743010149
2006.000000000000000,0.962049675583775
2007.000000000000000,0.961809769996732
2008.000000000000000,0.961440930429238
2009.000000000000000,0.961140864235368
2010.000000000000000,0.960945807626954
2011.000000000000000,0.960744692250798
2012.000000000000000,0.960452661672978
2013.000000000000000,0.960246486252330
2014.000000000000000,0.959906841345360
2015.000000000000000,0.959728807484852
2016.000000000000000,0.959442392122656
2017.000000000000000,0.959226922290477
2018.000000000000000,0.958856312220779
2019.000000000000000,0.958557963805577
2020.000000000000000,0.958339162981233
2021.000000000000000,0.958048836346514
2022.000000000000000,0.957951247884272
2023.000000000000000,0.957644464361228
2024.000000000000000,0.957448714336595
2025.000000000000000,0.957247631550192
2026.000000000000000,0.956915096979539
2027.000000000000000,0.956629710330864
2028.000000000000000,0.956317658270746
2029.000000000000000,0.956070908072559
2030.000000000000000,0.955763046808411
2031.000000000000000,0.955550936099153
2032.000000000000000,0.955271229086069
2033.000000000000000,0.955071177446104
2034.000000000000000,0.954860111389392
2035.000000000000000,0.954530419605849
2036.000000000000000,0.954247503785480
2037.000000000000000,0.953904555246855
2038.000000000000000,0.953571936193252
2039.000000000000000,0.953369822565866
2040.000000000000000,0.953055338966141
2041.000000000000000,0.952783922213228
2042.000000000000000,0.952519959614297
2043.000000000000000,0.952238134115819
2044.000000000000000,0.952000751208747
2045.000000000000000,0.951820285380045
2046.000000000000000,0.951687071792705
2047.000000000000000,0.951421842722664
2048.000000000000000,0.951156467547659
2049.000000000000000,0.950961100030979
2050.000000000000000,0.950721426995813
2051.000000000000000,0.950532628954907
2052.000000000000000,0.950349722322987
2053.000000000000000,0.950154647989878
2054.000000000000000,0.949937988941085
2055.000000000000000,0.949753687001547
2056.000000000000000,0.949550311778102
2057.000000000000000,0.949351940367539
2058.000000000000000,0.949042780986565
2059.000000000000000,0.948811932648355
2060.000000000000000,0.948652925057512
2061.000000000000000,0.948643291801116
2062.000000000000000,0.948497044383103
2063.000000000000000,0.948266386376736
2064.000000000000000,0.948088687805846
2065.000000000000000,0.947903736061855
2066.000000000000000,0.947725687469656
2067.000000000000000,0.947545317811154
2068.000000000000000,0.947341149137440
2069.000000000000000,0.947149587088999
2070.000000000000000,0.947053326901548
2071.000000000000000,0.946827082103315
2072.000000000000000,0.946703567194105
2073.000000000000000,0.946494171222651
2074.000000000000000,0.946361900700598
2075.000000000000000,0.946175089546266
2076.000000000000000,0.945905267328303
2077.000000000000000,0.945808439461499
2078.000000000000000,0.945733481640333
2079.000000000000000,0.945542075187560
2080.000000000000000,0.945383629933881
2081.000000000000000,0.945227073705358
2082.000000000000000,0.945213915362593
2083.000000000000000,0.945016705375999
2084.000000000000000,0.944774244317705
2085.000000000000000,0.944551514338488
2086.000000000000000,0.944220520235850
2087.000000000000000,0.944062902335621
2088.000000000000000,0.943922015917730
2089.000000000000000,0.943725636329685
2090.000000000000000,0.943494178419722
2091.000000000000000,0.943370536441003
2092.000000000000000,0.943263155239854
2093.000000000000000,0.943080067424119
2094.000000000000000,0.942895279530825
2095.000000000000000,0.942691829409550
2096.000000000000000,0.942514981992792
2097.000000000000000,0.942270532311622
2098.000000000000000,0.942104816754025
2099.000000000000000,0.941922115817308
2100.000000000000000,0.941848928474134
2101.000000000000000,0.941721267270870
2102.000000000000000,0.941662107838675
2103.000000000000000,0.941607831863355
2104.000000000000000,0.941414758645087
2105.000000000000000,0.941204098053589
2106.000000000000000,0.940891424851771
2107.000000000000000,0.940707199442826
2108.000000000000000,0.940381710741546
2109.000000000000000,0.940206281503519
2110.000000000000000,0.940254555053350
2111.000000000000000,0.940076711667268
2112.000000000000000,0.939755214966169
2113.000000000000000,0.939520376933310
2114.000000000000000,0.939473198328951
2115.000000000000000,0.939294270645135
2116.000000000000000,0.939077075058678
2117.000000000000000,0.938896925404168
2118.000000000000000,0.938619227908987
2119.000000000000000,0.938402090942613
2120.000000000000000,0.938217308046934
2121.000000000000000,0.937922729452330
2122.000000000000000,0.937797629942412
2123.000000000000000,0.937614339125508
2124.000000000000000,0.937495929057801
2125.000000000000000,0.937308885311441
2126.000000000000000,0.937057929121411
2127.000000000000000,0.936882501980293
2128.000000000000000,0.936712575369660
2129.000000000000000,0.936610297916571
2130.000000000000000,0.936248163849658
2131.000000000000000,0.936309910832066
2132.000000000000000,0.936214193532622
2133.000000000000000,0.935997208656469
2134.000000000000000,0.935975905617366
2135.000000000000000,0.935917788443791
2136.000000000000000,0.935834004051772
2137.000000000000000,0.935923607018811
2138.000000000000000,0.936017098988417
2139.000000000000000,0.935790597659707
2140.000000000000000,0.935947973297673
2141.000000000000000,0.936081839682865
2142.000000000000000,0.936057630687879
2143.000000000000000,0.936232727138228
2144.000000000000000,0.936453741168070
2145.000000000000000,0.936633649458834
2146.000000000000000,0.936807874901572
2147.000000000000000,0.936875308727147
2148.000000000000000,0.936940408608304
2149.000000000000000,0.937113706874869
2150.000000000000000,0.937359651588553
2151.000000000000000,0.937640202308018
2152.000000000000000,0.937878631978251
2153.000000000000000,0.938255092359340
2154.000000000000000,0.938547177034226
2155.000000000000000,0.938810015799328
2156.000000000000000,0.939103357329422
2157.000000000000000,0.939465364104035
2158.000000000000000,0.939796479921652
2159.000000000000000,0.940124517520569
2160.000000000000000,0.940411968281395
2161.000000000000000,0.940676719958274
2162.000000000000000,0.941068894455516
2163.000000000000000,0.941463960364907
2164.000000000000000,0.941846529316532
2165.000000000000000,0.942323395438097
2166.000000000000000,0.942715790287686
2167.000000000000000,0.943173047881593
2168.000000000000000,0.943452604761447
2169.000000000000000,0.943890541074350
2170.000000000000000,0.944353160811251
2171.000000000000000,0.944628847247261
2172.000000000000000,0.945198969976833
2173.000000000000000,0.945643123461696
2174.000000000000000,0.946001661845783
2175.000000000000000,0.946296417039517
2176.000000000000000,0.946719211458660
2177.000000000000000,0.946978397343136
2178.000000000000000,0.947222782269765
2179.000000000000000,0.947748549797449
2180.000000000000000,0.948136190623874
2181.000000000000000,0.948557935180494
2182.000000000000000,0.948959987983933
2183.000000000000000,0.949281988826579
2184.000000000000000,0.949670100843045
2185.000000000000000,0.950013168312354
2186.000000000000000,0.950282847261621
2187.000000000000000,0.950624479579830
2188.000000000000000,0.950983005244933
2189.000000000000000,0.951226640743633
2190.000000000000000,0.951506837304550
2191.000000000000000,0.951776662782714
2192.000000000000000,0.952097248261685
2193.000000000000000,0.952396325506838
2194.000000000000000,0.952668146759557
2195.000000000000000,0.952884314511454
2196.000000000000000,0.953124582137964
2197.000000000000000,0.953448960906505
2198.000000000000000,0.953753876915356
2199.000000000000000,0.953939121777148
2200.000000000000000,0.954417473045094
2201.000000000000000,0.954580944703411
2202.000000000000000,0.954367843950206
2203.000000000000000,0.954566985838908
2204.000000000000000,0.954834689373670
2205.000000000000000,0.955066035458669
2206.000000000000000,0.955160875007970
2207.000000000000000,0.955371486793841
2208.000000000000000,0.955470168239661
2209.000000000000000,0.955665500468581
2210.000000000000000,0.955783917349694
2211.000000000000000,0.955882390876259
2212.000000000000000,0.956006292886996
2213.000000000000000,0.956111335020985
2214.000000000000000,0.956107693407026
2215.000000000000000,0.956265367319241
2216.000000000000000,0.956298390853129
2217.000000000000000,0.956383214172933
2218.000000000000000,0.956416985739811
2219.000000000000000,0.956409062297314
2220.000000000000000,0.956534118781203
2221.000000000000000,0.956566890329261
2222.000000000000000,0.956721810532053
2223.000000000000000,0.956778670424403
2224.000000000000000,0.956934980935431
2225.000000000000000,0.956931990393139
2226.000000000000000,0.956957245963848
2227.000000000000000,0.956944613935869
2228.000000000000000,0.956830383658944
2229.000000000000000,0.956899199682700
2230.000000000000000,0.956888193797527
2231.000000000000000,0.956775957099129
2232.000000000000000,0.956825549667605
2233.000000000000000,0.956936545694358
2234.000000000000000,0.956951663234924
2235.000000000000000,0.956925887700345
2236.000000000000000,0.956836093669345
2237.000000000000000,0.956721223136058
2238.000000000000000,0.956749286549856
2239.000000000000000,0.956504324115772
2240.000000000000000,0.956379624233944
2241.000000000000000,0.956333924141657
2242.000000000000000,0.956236148982078
2243.000000000000000,0.956317987540709
2244.000000000000000,0.956237458066913
2245.000000000000000,0.956171397524095
2246.000000000000000,0.956070804320348
2247.000000000000000,0.955868349422513
2248.000000000000000,0.955708707485357
2249.000000000000000,0.955644191986250
2250.000000000000000,0.955525838083462
2251.000000000000000,0.955528345517932
2252.000000000000000,0.955477348404551
2253.000000000000000,0.955423731400100
2254.000000000000000,0.955319353209704
2255.000000000000000,0.955166049544421
2256.000000000000000,0.954925402322397
2257.000000000000000,0.954799404764038
2258.000000000000000,0.954681890729343
2259.000000000000000,0.954573363145766
2260.000000000000000,0.954551603301485
2261.000000000000000,0.954452855515304
2262.000000000000000,0.954390601071665
2263.000000000000000,0.954181321535921
2264.000000000000000,0.954135710106026
2265.000000000000000,0.954021533232461
2266.000000000000000,0.953885150325679
2267.000000000000000,0.953672072976946
2268.000000000000000,0.953672350862166
2269.000000000000000,0.953591760217158
2270.000000000000000,0.953415909429589
2271.000000000000000,0.953228074769655
2272.000000000000000,0.953178341135650
2273.000000000000000,0.952987269469940
2274.000000000000000,0.952962770428024
2275.000000000000000,0.952941808446626
2276.000000000000000,0.952749360124135
2277.000000000000000,0.952646992837367
2278.000000000000000,0.952540077063131
2279.000000000000000,0.952404006635656
2280.000000000000000,0.952030117237433
2281.000000000000000,0.951773311290597
2282.000000000000000,0.951567666917602
2283.000000000000000,0.951516726549466
2284.000000000000000,0.951320528012010
2285.000000000000000,0.951155493786428
2286.000000000000000,0.951123510810919
2287.000000000000000,0.950850444715847
2288.000000000000000,0.950595409338242
2289.000000000000000,0.950307892519301
2290.000000000000000,0.949853868375315
2291.000000000000000,0.949723926835330
2292.000000000000000,0.949594150224035
2293.000000000000000,0.949344465058564
2294.000000000000000,0.949108929262042
2295.000000000000000,0.948857104466116
2296.000000000000000,0.948460932038145
2297.000000000000000,0.948199324396629
2298.000000000000000,0.947831885793641
2299.000000000000000,0.947800558132184
2300.000000000000000,0.947652500722050
2301.000000000000000,0.947474392673604
2302.000000000000000,0.947101416003062
2303.000000000000000,0.946983229136056
2304.000000000000000,0.946836060038625
2305.000000000000000,0.946592886549914
2306.000000000000000,0.946198147937510
2307.000000000000000,0.946245072136033
2308.000000000000000,0.946052440139160
2309.000000000000000,0.945691813592215
2310.000000000000000,0.945560049326487
2311.000000000000000,0.945585554292471
2312.000000000000000,0.945467038957340
2313.000000000000000,0.945497473571123
2314.000000000000000,0.945547038989795
2315.000000000000000,0.945176223916750
2316.000000000000000,0.944964094924204
2317.000000000000000,0.944463468384414
2318.000000000000000,0.944345794004738
2319.000000000000000,0.944288759058265
2320.000000000000000,0.944314314264418
2321.000000000000000,0.943826683522891
2322.000000000000000,0.943608456682113
2323.000000000000000,0.943370647417768
2324.000000000000000,0.942811598287152
2325.000000000000000,0.942897728497088
2326.000000000000000,0.942711812658095
2327.000000000000000,0.942556882217777
2328.000000000000000,0.942200070727472
2329.000000000000000,0.941902002405277
2330.000000000000000,0.941911187839449
2331.000000000000000,0.941846009521707
2332.000000000000000,0.941372391531299
2333.000000000000000,0.940895677980938
2334.000000000000000,0.940617318487291
2335.000000000000000,0.940421785996453
2336.000000000000000,0.940064646006016
2337.000000000000000,0.939972882318272
2338.000000000000000,0.939549652288995
2339.000000000000000,0.939038141195657
2340.000000000000000,0.938802177288504
2341.000000000000000,0.938625035076622
2342.000000000000000,0.938319282774804
2343.000000000000000,0.938302316275178
2344.000000000000000,0.938272570543772
2345.000000000000000,0.938304253215722
2346.000000000000000,0.938077848595816
2347.000000000000000,0.937864188915385
2348.000000000000000,0.937730646655771
2349.000000000000000,0.937650366910792
2350.000000000000000,0.937409400346531
2351.000000000000000,0.937307176704088
2352.000000000000000,0.937149065609883
2353.000000000000000,0.937248225346362
2354.000000000000000,0.936935360747965
2355.000000000000000,0.936722085107213
2356.000000000000000,0.936337470615173
2357.000000000000000,0.936002251174661
2358.000000000000000,0.935822156240702
2359.000000000000000,0.935485611443640
2360.000000000000000,0.935375754526127
2361.000000000000000,0.935322581633303
2362.000000000000000,0.935103335226499
2363.000000000000000,0.935122975192696
2364.000000000000000,0.934995491099289
2365.000000000000000,0.934589183187134
2366.000000000000000,0.934598620215610
2367.000000000000000,0.934504161564862
2368.000000000000000,0.934184996827424
2369.000000000000000,0.934234549548418
2370.000000000000000,0.934618192300302
2371.000000000000000,0.934623998674894
2372.000000000000000,0.934470354547222
2373.000000000000000,0.934671818108199
2374.000000000000000,0.934716009576975
2375.000000000000000,0.934321627287353
2376.000000000000000,0.934186370153834
2377.000000000000000,0.934446917906665
2378.000000000000000,0.934463957341183
2379.000000000000000,0.934495413376915
2380.000000000000000,0.934481835757614
2381.000000000000000,0.934209026838488
2382.000000000000000,0.934040763945714
2383.000000000000000,0.933743888539045
2384.000000000000000,0.933338182968856
2385.000000000000000,0.932972636943007
2386.000000000000000,0.932707421431412
2387.000000000000000,0.933310154247011
2388.000000000000000,0.933343217333435
2389.000000000000000,0.933215848354274
2390.000000000000000,0.933214899141244
2391.000000000000000,0.933060811327655
2392.000000000000000,0.932713253586344
2393.000000000000000,0.932703102969350
2394.000000000000000,0.932648224211734
2395.000000000000000,0.932411912229232
2396.000000000000000,0.932186636162004
2397.000000000000000,0.932399457353559
2398.000000000000000,0.932517893035902
2399.000000000000000,0.932747422756234
2400.000000000000000,0.932470210483184
2401.000000000000000,0.932166979667132
2402.000000000000000,0.932091952573547
2403.000000000000000,0.932039225269644
2404.000000000000000,0.932034562852812
2405.000000000000000,0.931960355011980
2406.000000000000000,0.932022606397420
2407.000000000000000,0.931922653840938
2408.000000000000000,0.932028447337278
2409.000000000000000,0.932698568071749
2410.000000000000000,0.933020916694184
2411.000000000000000,0.932786154057253
2412.000000000000000,0.932418034648297
2413.000000000000000,0.932098133319272
2414.000000000000000,0.931923726041486
2415.000000000000000,0.931885672461692
2416.000000000000000,0.932143791356827
2417.000000000000000,0.932376391503444
2418.000000000000000,0.932163391085531
2419.000000000000000,0.932074300704993
2420.000000000000000,0.932025592880047
2421.000000000000000,0.931546709896028
2422.000000000000000,0.931066702298868
2423.000000000000000,0.931331630496459
2424.000000000000000,0.931819452265313
2425.000000000000000,0.932081664963599
2426.000000000000000,0.932558020814324
2427.000000000000000,0.932759348002730
2428.000000000000000,0.932240567274741
2429.000000000000000,0.931614991865776
2430.000000000000000,0.930949142026728
2431.000000000000000,0.930445889786105
2432.000000000000000,0.929393078898334
2433.000000000000000,0.929564867208069
2434.000000000000000,0.930378349757274
2435.000000000000000,0.930542660764582
2436.000000000000000,0.931521962418095
2437.000000000000000,0.931999719232130
2438.000000000000000,0.931708089029344
2439.000000000000000,0.931448994901430
2440.000000000000000,0.931582146332940
2441.000000000000000,0.931903512985860
2442.000000000000000,0.931666529278368
2443.000000000000000,0.931393345568101
2444.000000000000000,0.930598260076755
2445.000000000000000,0.930449560923624
2446.000000000000000,0.930035216890793
2447.000000000000000,0.930438738851338
2448.000000000000000,0.930379674964149
2449.000000000000000,0.930245773944002
2450.000000000000000,0.929823117855279
2451.000000000000000,0.929773383006516
2452.000000000000000,0.930581520002285
2453.000000000000000,0.931104948316258
2454.000000000000000,0.931168285469262
2455.000000000000000,0.931185066493351
2456.000000000000000,0.931080462350223
2457.000000000000000,0.930616788317669
2458.000000000000000,0.930840800413137
2459.000000000000000,0.931896475531896
2460.000000000000000,0.931290699919772
2461.000000000000000,0.931494190329199
2462.000000000000000,0.931720108636416
2463.000000000000000,0.931230920043562
2464.000000000000000,0.930505585574841
2465.000000000000000,0.930797246988744
2466.000000000000000,0.930339958905684
2467.000000000000000,0.930187099561939
2468.000000000000000,0.931142547312455
2469.000000000000000,0.929801203087201
2470.000000000000000,0.930255382419069
2471.000000000000000,0.931378510335627
2472.000000000000000,0.930426101833872
2473.000000000000000,0.930019641649337
2474.000000000000000,0.931093251328792
2475.000000000000000,0.931367462483260
2476.000000000000000,0.931165187149737
2477.000000000000000,0.931261407712292
2478.000000000000000,0.931102991423328
2479.000000000000000,0.929350645904199
2480.000000000000000,0.932014839870776
2481.000000000000000,0.932253512121987
2482.000000000000000,0.932151918817910
2483.000000000000000,0.933991297332470
2484.000000000000000,0.932330886843093
2485.000000000000000,0.931111532514980
2486.000000000000000,0.930366346601817
2487.000000000000000,0.930239682397265
2488.000000000000000,0.932419870745782
2489.000000000000000,0.933011097448023
2490.000000000000000,0.930189946258745
2491.000000000000000,0.930184028993886
2492.000000000000000,0.930625144887882
2493.000000000000000,0.930068909551359
2494.000000000000000,0.927940252932546
2495.000000000000000,0.926935668187554
2496.000000000000000,0.928360360703009
2497.000000000000000,0.930054008617153
2498.000000000000000,0.931333824017424
2499.000000000000000,0.930151852877785
2500.000000000000000,0.931284907478451
