350 0.9878 0.0053
351 0.9889 0.0053
352 0.9872 0.0053
353 0.9887 0.0053
354 0.9883 0.0053
355 0.9879 0.0053
356 0.9888 0.0053
357 0.987 0.0053
358 0.9874 0.0053
359 0.9877 0.0053
360 0.9868 0.0053
361 0.9869 0.0053
362 0.9885 0.0053
363 0.9881 0.0053
364 0.9871 0.0053
365 0.9872 0.0053
366 0.9871 0.0053
367 0.9882 0.0053
368 0.9871 0.0053
369 0.9876 0.0053
370 0.9887 0.0053
371 0.9879 0.0053
372 0.9879 0.0053
373 0.9877 0.0053
374 0.9872 0.0053
375 0.9877 0.0053
376 0.9886 0.0053
377 0.989 0.0053
378 0.9883 0.0053
379 0.9871 0.0053
380 0.9882 0.0053
381 0.9881 0.0053
382 0.9879 0.0053
383 0.9879 0.0053
384 0.9884 0.0053
385 0.9883 0.0053
386 0.9886 0.0053
387 0.9894 0.0053
388 0.9889 0.0053
389 0.989 0.0053
390 0.9885 0.0053
391 0.9882 0.0053
392 0.9886 0.0053
393 0.989 0.0053
394 0.9886 0.0053
395 0.9888 0.0053
396 0.989 0.0053
397 0.9889 0.0053
398 0.9889 0.0053
399 0.9891 0.0053
400 0.9891 0.0053
401 0.9893 0.0053
402 0.9893 0.0053
403 0.9896 0.0053
404 0.9894 0.0053
405 0.9894 0.0053
406 0.9891 0.0053
407 0.9891 0.0053
408 0.9892 0.0053
409 0.9895 0.0053
410 0.9895 0.0053
411 0.9893 0.0053
412 0.989 0.0053
413 0.9892 0.0053
414 0.9894 0.0053
415 0.9895 0.0053
416 0.9895 0.0053
417 0.9894 0.0053
418 0.9896 0.0053
419 0.9895 0.0053
420 0.9891 0.0053
421 0.9894 0.0053
422 0.9894 0.0053
423 0.9891 0.0053
424 0.9889 0.0053
425 0.9892 0.0053
426 0.9893 0.0053
427 0.9893 0.0053
428 0.9895 0.0053
429 0.9896 0.0053
430 0.9894 0.0053
431 0.9892 0.0053
432 0.989 0.0053
433 0.9891 0.0053
434 0.9894 0.0053
435 0.9893 0.0053
436 0.9891 0.0053
437 0.9893 0.0053
438 0.989 0.0053
439 0.989 0.0053
440 0.9894 0.0053
441 0.9892 0.0053
442 0.9888 0.0053
443 0.9891 0.0053
444 0.989 0.0053
445 0.989 0.0053
446 0.989 0.0053
447 0.989 0.0053
448 0.989 0.0053
449 0.989 0.0053
450 0.989 0.0053
451 0.9892 0.0053
452 0.9894 0.0053
453 0.9893 0.0053
454 0.9892 0.0053
455 0.9894 0.0053
456 0.9893 0.0053
457 0.989 0.0053
458 0.9889 0.0053
459 0.989 0.0053
460 0.9893 0.0053
461 0.9894 0.0053
462 0.9891 0.0053
463 0.9891 0.0053
464 0.9892 0.0053
465 0.9895 0.0053
466 0.9895 0.0053
467 0.9894 0.0053
468 0.9894 0.0053
469 0.9891 0.0053
470 0.9892 0.0053
471 0.9893 0.0053
472 0.9894 0.0053
473 0.9896 0.0053
474 0.9896 0.0053
475 0.9893 0.0053
476 0.9892 0.0053
477 0.9897 0.0053
478 0.9898 0.0053
479 0.9897 0.0053
480 0.9897 0.0053
481 0.9895 0.0053
482 0.9897 0.0053
483 0.9897 0.0053
484 0.9895 0.0053
485 0.9896 0.0053
486 0.9897 0.0053
487 0.9898 0.0053
488 0.99 0.0053
489 0.9899 0.0053
490 0.9897 0.0053
491 0.9897 0.0053
492 0.9896 0.0053
493 0.9897 0.0053
494 0.9899 0.0053
495 0.9897 0.0053
496 0.9896 0.0053
497 0.9898 0.0053
498 0.99 0.0053
499 0.99 0.0053
500 0.9898 0.0053
501 0.9899 0.0053
502 0.99 0.0053
503 0.99 0.0053
504 0.9898 0.0053
505 0.9897 0.0053
506 0.9898 0.0053
507 0.9897 0.0053
508 0.9898 0.0053
509 0.9899 0.0053
510 0.9896 0.0053
511 0.9897 0.0053
512 0.99 0.0053
513 0.9898 0.0053
514 0.9896 0.0053
515 0.9898 0.0053
516 0.9899 0.0053
517 0.9898 0.0053
518 0.9899 0.0053
519 0.99 0.0053
520 0.9901 0.0053
521 0.9902 0.0053
522 0.9901 0.0053
523 0.99 0.0053
524 0.9899 0.0053
525 0.9898 0.0053
526 0.99 0.0053
527 0.99 0.0053
528 0.9899 0.0053
529 0.9899 0.0053
530 0.9899 0.0053
531 0.9898 0.0053
532 0.9899 0.0053
533 0.9898 0.0053
534 0.9898 0.0053
535 0.9898 0.0053
536 0.9899 0.0053
537 0.9899 0.0053
538 0.9898 0.0053
539 0.9898 0.0053
540 0.9898 0.0053
541 0.9899 0.0053
542 0.9899 0.0053
543 0.9897 0.0053
544 0.9897 0.0053
545 0.9898 0.0053
546 0.9898 0.0053
547 0.99 0.0053
548 0.9901 0.0053
549 0.9899 0.0053
550 0.9898 0.0053
551 0.9898 0.0053
552 0.9896 0.0053
553 0.9899 0.0053
554 0.99 0.0053
555 0.9898 0.0053
556 0.9901 0.0053
557 0.9898 0.0053
558 0.9898 0.0053
559 0.9899 0.0053
560 0.9897 0.0053
561 0.9897 0.0053
562 0.9898 0.0053
563 0.9901 0.0053
564 0.99 0.0053
565 0.9899 0.0053
566 0.9897 0.0053
567 0.9896 0.0053
568 0.9896 0.0053
569 0.9899 0.0053
570 0.9898 0.0053
571 0.9896 0.0053
572 0.9897 0.0053
573 0.9896 0.0053
574 0.9897 0.0053
575 0.9899 0.0053
576 0.9898 0.0053
577 0.9897 0.0053
578 0.9901 0.0053
579 0.9899 0.0053
580 0.9899 0.0053
581 0.9899 0.0053
582 0.9898 0.0053
583 0.9898 0.0053
584 0.9897 0.0053
585 0.9899 0.0053
586 0.99 0.0053
587 0.9896 0.0053
588 0.9897 0.0053
589 0.9896 0.0053
590 0.9897 0.0053
591 0.9897 0.0053
592 0.9898 0.0053
593 0.99 0.0053
594 0.9898 0.0053
595 0.9894 0.0053
596 0.9897 0.0053
597 0.9898 0.0053
598 0.9897 0.0053
599 0.9897 0.0053
600 0.9897 0.0053
601 0.9899 0.0049
602 0.9899 0.0049
603 0.9896 0.0049
604 0.9896 0.0049
605 0.9899 0.0049
606 0.9897 0.0049
607 0.9898 0.0049
608 0.99 0.0049
609 0.99 0.0049
610 0.99 0.0049
611 0.9897 0.0049
612 0.9899 0.0049
613 0.9897 0.0049
614 0.9897 0.0049
615 0.9895 0.0049
616 0.9898 0.0049
617 0.99 0.0049
618 0.9898 0.0049
619 0.9895 0.0049
620 0.9897 0.0049
621 0.9896 0.0049
622 0.9898 0.0049
623 0.9896 0.0049
624 0.99 0.0049
625 0.9896 0.0049
626 0.9898 0.0049
627 0.9895 0.0049
628 0.9899 0.0049
629 0.9894 0.0049
630 0.9896 0.0049
631 0.9897 0.0049
632 0.9896 0.0049
633 0.9899 0.0049
634 0.9893 0.0049
635 0.9897 0.0049
636 0.99 0.0049
637 0.9895 0.0049
638 0.9896 0.0049
639 0.9894 0.0049
640 0.9895 0.0049
641 0.9897 0.0049
642 0.9896 0.0049
643 0.9896 0.0049
644 0.99 0.0049
645 0.9899 0.0049
646 0.9896 0.0049
647 0.99 0.0049
648 0.9899 0.0049
649 0.9893 0.0049
650 0.9896 0.0049
651 0.9896 0.0049
652 0.9893 0.0049
653 0.9896 0.0049
654 0.9899 0.0049
655 0.9895 0.0049
656 0.99 0.0049
657 0.9898 0.0049
658 0.9899 0.0049
659 0.9895 0.0049
660 0.9899 0.0049
661 0.9897 0.0049
662 0.9898 0.0049
663 0.9897 0.0049
664 0.9896 0.0049
665 0.9896 0.0049
666 0.9901 0.0049
667 0.9897 0.0049
668 0.99 0.0049
669 0.9896 0.0049
670 0.9897 0.0049
671 0.9896 0.0049
672 0.9899 0.0049
673 0.9898 0.0049
674 0.9898 0.0049
675 0.9899 0.0049
676 0.9897 0.0049
677 0.9897 0.0049
678 0.9901 0.0049
679 0.9901 0.0049
680 0.9897 0.0049
681 0.9894 0.0049
682 0.9903 0.0049
683 0.9898 0.0049
684 0.9896 0.0049
685 0.9899 0.0049
686 0.9897 0.0049
687 0.9901 0.0049
688 0.9899 0.0049
689 0.9895 0.0049
690 0.9897 0.0049
691 0.9895 0.0049
692 0.9896 0.0049
693 0.99 0.0049
694 0.9898 0.0049
695 0.99 0.0049
696 0.9894 0.0049
697 0.9902 0.0049
698 0.99 0.0049
699 0.9899 0.0049
700 0.9901 0.0049
701 0.9899 0.0049
702 0.9897 0.0049
703 0.9898 0.0049
704 0.9901 0.0049
705 0.9896 0.0049
706 0.99 0.0049
707 0.9898 0.0049
708 0.9899 0.0049
709 0.9898 0.0049
710 0.9896 0.0049
711 0.9893 0.0049
712 0.9897 0.0049
713 0.9897 0.0049
714 0.9896 0.0049
715 0.9897 0.0049
716 0.9899 0.0049
717 0.9897 0.0049
718 0.9899 0.0049
719 0.9902 0.0049
720 0.9898 0.0049
721 0.99 0.0049
722 0.99 0.0049
723 0.9896 0.0049
724 0.99 0.0049
725 0.9901 0.0049
726 0.99 0.0049
727 0.9902 0.0049
728 0.99 0.0049
729 0.9895 0.0049
730 0.9895 0.0049
731 0.9902 0.0049
732 0.9902 0.0049
733 0.99 0.0049
734 0.9898 0.0049
735 0.9902 0.0049
736 0.99 0.0049
737 0.99 0.0049
738 0.9902 0.0049
739 0.9901 0.0049
740 0.9898 0.0049
741 0.9898 0.0049
742 0.9899 0.0049
743 0.9897 0.0049
744 0.9896 0.0049
745 0.9903 0.0049
746 0.9899 0.0049
747 0.9897 0.0049
748 0.9896 0.0049
749 0.9902 0.0049
750 0.9896 0.0049
751 0.9896 0.0049
752 0.9902 0.0049
753 0.9903 0.0049
754 0.9895 0.0049
755 0.9894 0.0049
756 0.9899 0.0049
757 0.99 0.0049
758 0.9898 0.0049
759 0.9899 0.0049
760 0.9902 0.0049
761 0.9896 0.0049
762 0.9892 0.0049
763 0.9899 0.0049
764 0.9901 0.0049
765 0.99 0.0049
766 0.9895 0.0049
767 0.9901 0.0049
768 0.99 0.0049
769 0.9899 0.0049
770 0.9895 0.0049
771 0.9893 0.0049
772 0.9901 0.0049
773 0.99 0.0049
774 0.9898 0.0049
775 0.9896 0.0049
776 0.9898 0.0049
777 0.9898 0.0049
778 0.9903 0.0049
779 0.9902 0.0049
780 0.9892 0.0049
781 0.9894 0.0049
782 0.989 0.0049
783 0.9897 0.0049
784 0.9897 0.0049
785 0.9896 0.0049
786 0.9893 0.0049
787 0.9898 0.0049
788 0.9901 0.0049
789 0.9895 0.0049
790 0.9899 0.0049
791 0.9898 0.0049
792 0.9897 0.0049
793 0.99 0.0049
794 0.9899 0.0049
795 0.9896 0.0049
796 0.9902 0.0049
797 0.9893 0.0049
798 0.9894 0.0049
799 0.9903 0.0049
800 0.9902 0.0049
801 0.9898 0.0049
802 0.99 0.0049
803 0.9903 0.0049
804 0.99 0.0049
805 0.9903 0.0049
806 0.9901 0.0049
807 0.99 0.0049
808 0.9893 0.0049
809 0.9893 0.0049
810 0.9899 0.0049
811 0.99 0.0049
812 0.99 0.0049
813 0.9901 0.0049
814 0.9905 0.0049
815 0.99 0.0049
816 0.9897 0.0049
817 0.9903 0.0049
818 0.9895 0.0049
819 0.9894 0.0049
820 0.9893 0.0049
821 0.9898 0.0049
822 0.9897 0.0049
823 0.9897 0.0049
824 0.9895 0.0049
825 0.9899 0.0049
826 0.9902 0.0049
827 0.9896 0.0049
828 0.9894 0.0049
829 0.9893 0.0049
830 0.9898 0.0049
831 0.99 0.0049
832 0.9892 0.0049
833 0.9897 0.0049
834 0.9902 0.0049
835 0.9897 0.0049
836 0.9898 0.0049
837 0.9899 0.0049
838 0.9894 0.0049
839 0.9898 0.0049
840 0.9895 0.0049
841 0.989 0.0049
842 0.9891 0.0049
843 0.99 0.0049
844 0.9898 0.0049
845 0.9892 0.0049
846 0.989 0.0049
847 0.9895 0.0049
848 0.9895 0.0049
849 0.9893 0.0049
850 0.9903 0.0049
851 0.9906 0.0049
852 0.9906 0.0049
853 0.9907 0.0049
854 0.9901 0.0049
855 0.9899 0.0049
856 0.9902 0.0049
857 0.9896 0.0049
858 0.99 0.0049
859 0.9899 0.0049
860 0.9901 0.0049
861 0.9905 0.0049
862 0.99 0.0049
863 0.9899 0.0049
864 0.9899 0.0049
865 0.9899 0.0049
866 0.99 0.0049
867 0.99 0.0049
868 0.99 0.0049
869 0.9899 0.0049
870 0.9899 0.0049
871 0.99 0.0049
872 0.99 0.0049
873 0.9899 0.0049
874 0.9899 0.0049
875 0.9899 0.0049
876 0.9899 0.0049
877 0.99 0.0049
878 0.99 0.0049
879 0.99 0.0049
880 0.99 0.0049
881 0.99 0.0049
882 0.9899 0.0049
883 0.9899 0.0049
884 0.9899 0.0049
885 0.9899 0.0049
886 0.9899 0.0049
887 0.9899 0.0049
888 0.9899 0.0049
889 0.9899 0.0049
890 0.9899 0.0049
891 0.9899 0.0049
892 0.9899 0.0049
893 0.99 0.0049
894 0.99 0.0049
895 0.99 0.0049
896 0.99 0.0049
897 0.99 0.0049
898 0.99 0.0049
899 0.99 0.0049
900 0.9899 0.0049
901 0.9899 0.0049
902 0.9899 0.0049
903 0.99 0.0049
904 0.99 0.0049
905 0.9899 0.0049
906 0.99 0.0049
907 0.9899 0.0049
908 0.9899 0.0049
909 0.9899 0.0049
910 0.9899 0.0049
911 0.9899 0.0049
912 0.9899 0.0049
913 0.9899 0.0049
914 0.9899 0.0049
915 0.9899 0.0049
916 0.9899 0.0049
917 0.9899 0.0049
918 0.99 0.0049
919 0.9899 0.0049
920 0.99 0.0049
921 0.99 0.0049
922 0.99 0.0049
923 0.99 0.0049
924 0.99 0.0049
925 0.99 0.0049
926 0.99 0.0049
927 0.9899 0.0049
928 0.99 0.0049
929 0.99 0.0049
930 0.9899 0.0049
931 0.9899 0.0049
932 0.9899 0.0049
933 0.9899 0.0049
934 0.99 0.0049
935 0.9899 0.0049
936 0.9899 0.0049
937 0.9899 0.0049
938 0.9899 0.0049
939 0.9899 0.0049
940 0.9899 0.0049
941 0.9899 0.0049
942 0.9899 0.0049
943 0.99 0.0049
944 0.9899 0.0049
945 0.9899 0.0049
946 0.99 0.0049
947 0.99 0.0049
948 0.99 0.0049
949 0.9899 0.0049
950 0.9899 0.0049
951 0.99 0.0049
952 0.99 0.0049
953 0.9899 0.0049
954 0.9899 0.0049
955 0.9899 0.0049
956 0.99 0.0049
957 0.9899 0.0049
958 0.9899 0.0049
959 0.9899 0.0049
960 0.99 0.0049
961 0.9899 0.0049
962 0.9899 0.0049
963 0.9899 0.0049
964 0.9899 0.0049
965 0.9899 0.0049
966 0.9899 0.0049
967 0.9899 0.0049
968 0.9899 0.0049
969 0.9899 0.0049
970 0.99 0.0049
971 0.9899 0.0049
972 0.9899 0.0049
973 0.99 0.0049
974 0.99 0.0049
975 0.9899 0.0049
976 0.99 0.0049
977 0.9899 0.0049
978 0.9899 0.0049
979 0.9899 0.0049
980 0.9899 0.0049
981 0.99 0.0049
982 0.99 0.0049
983 0.9899 0.0049
984 0.9899 0.0049
985 0.9899 0.0049
986 0.9899 0.0049
987 0.9899 0.0049
988 0.9899 0.0049
989 0.9899 0.0049
990 0.9899 0.0049
991 0.9899 0.0049
992 0.9899 0.0049
993 0.9899 0.0049
994 0.9899 0.0049
995 0.9899 0.0049
996 0.9899 0.0049
997 0.9899 0.0049
998 0.9899 0.0049
999 0.9899 0.0049
1000 0.99 0.0049
1001 0.9899 0.0049
1002 0.9899 0.0049
1003 0.9899 0.0049
1004 0.9899 0.0049
1005 0.9899 0.0049
1006 0.99 0.0049
1007 0.9899 0.0049
1008 0.9899 0.0049
1009 0.9899 0.0049
1010 0.9899 0.0049
1011 0.9899 0.0049
1012 0.9899 0.0049
1013 0.9899 0.0049
1014 0.9899 0.0049
1015 0.9899 0.0049
1016 0.9899 0.0049
1017 0.9899 0.0049
1018 0.9899 0.0049
1019 0.9899 0.0049
1020 0.9899 0.0049
1021 0.9899 0.0049
1022 0.9899 0.0049
1023 0.99 0.0049
1024 0.9899 0.0049
1025 0.9899 0.0049
1026 0.9899 0.0049
1027 0.9899 0.0049
1028 0.99 0.0049
1029 0.99 0.0049
1030 0.99 0.0049
1031 0.9899 0.0049
1032 0.9899 0.0049
1033 0.9899 0.0049
1034 0.9899 0.0049
1035 0.9899 0.0049
1036 0.9899 0.0049
1037 0.9899 0.0049
1038 0.9899 0.0049
1039 0.9899 0.0049
1040 0.9899 0.0049
1041 0.9899 0.0049
1042 0.9899 0.0049
1043 0.9899 0.0049
1044 0.9899 0.0049
1045 0.9899 0.0049
1046 0.9899 0.0049
1047 0.9899 0.0049
1048 0.9899 0.0049
1049 0.9899 0.0049
1050 0.9899 0.0049
1051 0.9899 0.0049
1052 0.9899 0.0049
1053 0.9899 0.0049
1054 0.9899 0.0049
1055 0.9899 0.0049
1056 0.9899 0.0049
1057 0.9899 0.0049
1058 0.9899 0.0049
1059 0.9899 0.0049
1060 0.9899 0.0049
1061 0.9899 0.0049
1062 0.9899 0.0049
1063 0.9899 0.0049
1064 0.9899 0.0049
1065 0.9899 0.0049
1066 0.9899 0.0049
1067 0.9899 0.0049
1068 0.9899 0.0049
1069 0.9899 0.0049
1070 0.9899 0.0049
1071 0.9899 0.0049
1072 0.9899 0.0049
1073 0.9899 0.0049
1074 0.9899 0.0049
1075 0.9899 0.0049
1076 0.9899 0.0049
1077 0.9899 0.0049
1078 0.9899 0.0049
1079 0.9899 0.0049
1080 0.9899 0.0049
1081 0.9899 0.0049
1082 0.9899 0.0049
1083 0.9899 0.0049
1084 0.9899 0.0049
1085 0.9899 0.0049
1086 0.9899 0.0049
1087 0.9899 0.0049
1088 0.9899 0.0049
1089 0.9898 0.0049
1090 0.9899 0.0049
1091 0.9898 0.0049
1092 0.9899 0.0049
1093 0.9899 0.0049
1094 0.9899 0.0049
1095 0.9899 0.0049
1096 0.9899 0.0049
1097 0.9899 0.0049
1098 0.9899 0.0049
1099 0.9899 0.0049
1100 0.9899 0.0049
1101 0.9899 0.0049
1102 0.9899 0.0049
1103 0.9899 0.0049
1104 0.9899 0.0049
1105 0.9899 0.0049
1106 0.9899 0.0049
1107 0.9899 0.0049
1108 0.9899 0.0049
1109 0.9899 0.0049
1110 0.9899 0.0049
1111 0.9899 0.0049
1112 0.9899 0.0049
1113 0.9899 0.0049
1114 0.9898 0.0049
1115 0.9899 0.0049
1116 0.9899 0.0049
1117 0.9899 0.0049
1118 0.9899 0.0049
1119 0.9899 0.0049
1120 0.9899 0.0049
1121 0.9899 0.0049
1122 0.9899 0.0049
1123 0.9899 0.0049
1124 0.9898 0.0049
1125 0.9899 0.0049
1126 0.9898 0.0049
1127 0.9899 0.0049
1128 0.9899 0.0049
1129 0.9899 0.0049
1130 0.9899 0.0049
1131 0.9899 0.0049
1132 0.9899 0.0049
1133 0.9899 0.0049
1134 0.9899 0.0049
1135 0.9898 0.0049
1136 0.9899 0.0049
1137 0.9899 0.0049
1138 0.9899 0.0049
1139 0.9898 0.0049
1140 0.9898 0.0049
1141 0.9899 0.0049
1142 0.9899 0.0049
1143 0.9898 0.0049
1144 0.9898 0.0049
1145 0.9898 0.0049
1146 0.9898 0.0049
1147 0.9898 0.0049
1148 0.9898 0.0049
1149 0.9898 0.0049
1150 0.9898 0.0049
1151 0.9898 0.0049
1152 0.9898 0.0049
1153 0.9898 0.0049
1154 0.9897 0.0049
1155 0.9897 0.0049
1156 0.9897 0.0049
1157 0.9897 0.0049
1158 0.9897 0.0049
1159 0.9897 0.0049
1160 0.9897 0.0049
1161 0.9897 0.0049
1162 0.9896 0.0049
1163 0.9896 0.0049
1164 0.9896 0.0049
1165 0.9895 0.0049
1166 0.9895 0.0049
1167 0.9895 0.0049
1168 0.9895 0.0049
1169 0.9894 0.0049
1170 0.9894 0.0049
1171 0.9894 0.0049
1172 0.9894 0.0049
1173 0.9894 0.0049
1174 0.9894 0.0049
1175 0.9893 0.0049
1176 0.9893 0.0049
1177 0.9893 0.0049
1178 0.9893 0.0049
1179 0.9892 0.0049
1180 0.9893 0.0049
1181 0.9892 0.0049
1182 0.9892 0.0049
1183 0.9892 0.0049
1184 0.9892 0.0049
1185 0.9892 0.0049
1186 0.9892 0.0049
1187 0.9891 0.0049
1188 0.9891 0.0049
1189 0.9891 0.0049
1190 0.989 0.0049
1191 0.989 0.0049
1192 0.9889 0.0049
1193 0.9889 0.0049
1194 0.989 0.0049
1195 0.9889 0.0049
1196 0.9889 0.0049
1197 0.9889 0.0049
1198 0.9889 0.0049
1199 0.9889 0.0049
1200 0.9889 0.0049
1201 0.9889 0.0049
1202 0.9889 0.0049
1203 0.9889 0.0049
1204 0.9888 0.0049
1205 0.9888 0.0049
1206 0.9888 0.0049
1207 0.9888 0.0049
1208 0.9888 0.0049
1209 0.9888 0.0049
1210 0.9888 0.0049
1211 0.9888 0.0049
1212 0.9888 0.0049
1213 0.9888 0.0049
1214 0.9888 0.0049
1215 0.9888 0.0049
1216 0.9888 0.0049
1217 0.9888 0.0049
1218 0.9888 0.0049
1219 0.9888 0.0049
1220 0.9888 0.0049
1221 0.9888 0.0049
1222 0.9888 0.0049
1223 0.9888 0.0049
1224 0.9888 0.0049
1225 0.9888 0.0049
1226 0.9888 0.0049
1227 0.9888 0.0049
1228 0.9888 0.0049
1229 0.9888 0.0049
1230 0.9888 0.0049
1231 0.9888 0.0049
1232 0.9888 0.0049
1233 0.9888 0.0049
1234 0.9888 0.0049
1235 0.9888 0.0049
1236 0.9888 0.0049
1237 0.9887 0.0049
1238 0.9888 0.0049
1239 0.9888 0.0049
1240 0.9887 0.0049
1241 0.9887 0.0049
1242 0.9887 0.0049
1243 0.9887 0.0049
1244 0.9887 0.0049
1245 0.9887 0.0049
1246 0.9887 0.0049
1247 0.9887 0.0049
1248 0.9887 0.0049
1249 0.9887 0.0049
1250 0.9887 0.0049
1251 0.9887 0.0049
1252 0.9887 0.0049
1253 0.9887 0.0049
1254 0.9886 0.0049
1255 0.9886 0.0049
1256 0.9886 0.0049
1257 0.9886 0.0049
1258 0.9886 0.0049
1259 0.9886 0.0049
1260 0.9885 0.0049
1261 0.9885 0.0049
1262 0.9885 0.0049
1263 0.9885 0.0049
1264 0.9885 0.0049
1265 0.9884 0.0049
1266 0.9884 0.0049
1267 0.9884 0.0049
1268 0.9884 0.0049
1269 0.9884 0.0049
1270 0.9884 0.0049
1271 0.9883 0.0049
1272 0.9883 0.0049
1273 0.9883 0.0049
1274 0.9883 0.0049
1275 0.9882 0.0049
1276 0.9882 0.0049
1277 0.9882 0.0049
1278 0.9882 0.0049
1279 0.9882 0.0049
1280 0.9882 0.0049
1281 0.9882 0.0049
1282 0.9881 0.0049
1283 0.9881 0.0049
1284 0.9881 0.0049
1285 0.988 0.0049
1286 0.988 0.0049
1287 0.988 0.0049
1288 0.988 0.0049
1289 0.9879 0.0049
1290 0.9879 0.0049
1291 0.9879 0.0049
1292 0.9879 0.0049
1293 0.9879 0.0049
1294 0.9878 0.0049
1295 0.9878 0.0049
1296 0.9878 0.0049
1297 0.9878 0.0049
1298 0.9878 0.0049
1299 0.9878 0.0049
1300 0.9878 0.0049
1301 0.9877 0.0049
1302 0.9877 0.0049
1303 0.9877 0.0049
1304 0.9877 0.0049
1305 0.9876 0.0049
1306 0.9876 0.0049
1307 0.9876 0.0049
1308 0.9876 0.0049
1309 0.9876 0.0049
1310 0.9876 0.0049
1311 0.9875 0.0049
1312 0.9875 0.0049
1313 0.9875 0.0049
1314 0.9875 0.0049
1315 0.9874 0.0049
1316 0.9874 0.0049
1317 0.9874 0.0049
1318 0.9874 0.0049
1319 0.9873 0.0049
1320 0.9873 0.0049
1321 0.9873 0.0049
1322 0.9873 0.0049
1323 0.9873 0.0049
1324 0.9873 0.0049
1325 0.9872 0.0049
1326 0.9872 0.0049
1327 0.9872 0.0049
1328 0.9872 0.0049
1329 0.9872 0.0049
1330 0.9871 0.0049
1331 0.9871 0.0049
1332 0.9871 0.0049
1333 0.987 0.0049
1334 0.987 0.0049
1335 0.987 0.0049
1336 0.987 0.0049
1337 0.987 0.0049
1338 0.9869 0.0049
1339 0.9869 0.0049
1340 0.9869 0.0049
1341 0.9869 0.0049
1342 0.9869 0.0049
1343 0.9869 0.0049
1344 0.9868 0.0049
1345 0.9868 0.0049
1346 0.9868 0.0049
1347 0.9868 0.0049
1348 0.9868 0.0049
1349 0.9868 0.0049
1350 0.9868 0.0049
1351 0.9867 0.0049
1352 0.9868 0.0049
1353 0.9868 0.0049
1354 0.9867 0.0049
1355 0.9867 0.0049
1356 0.9867 0.0049
1357 0.9867 0.0049
1358 0.9867 0.0049
1359 0.9867 0.0049
1360 0.9867 0.0049
1361 0.9867 0.0049
1362 0.9866 0.0049
1363 0.9866 0.0049
1364 0.9866 0.0049
1365 0.9866 0.0049
1366 0.9866 0.0049
1367 0.9866 0.0049
1368 0.9866 0.0049
1369 0.9866 0.0049
1370 0.9866 0.0049
1371 0.9866 0.0049
1372 0.9866 0.0049
1373 0.9866 0.0049
1374 0.9866 0.0049
1375 0.9866 0.0049
1376 0.9866 0.0049
1377 0.9866 0.0049
1378 0.9866 0.0049
1379 0.9866 0.0049
1380 0.9866 0.0049
1381 0.9866 0.0049
1382 0.9866 0.0049
1383 0.9866 0.0049
1384 0.9866 0.0049
1385 0.9866 0.0049
1386 0.9866 0.0049
1387 0.9866 0.0049
1388 0.9866 0.0049
1389 0.9866 0.0049
1390 0.9866 0.0049
1391 0.9866 0.0049
1392 0.9866 0.0049
1393 0.9866 0.0049
1394 0.9866 0.0049
1395 0.9866 0.0049
1396 0.9866 0.0049
1397 0.9866 0.0049
1398 0.9866 0.0049
1399 0.9866 0.0049
1400 0.9867 0.0049
1401 0.9866 0.0049
1402 0.9867 0.0049
1403 0.9867 0.0049
1404 0.9867 0.0049
1405 0.9867 0.0049
1406 0.9867 0.0049
1407 0.9867 0.0049
1408 0.9867 0.0049
1409 0.9867 0.0049
1410 0.9868 0.0049
1411 0.9868 0.0049
1412 0.9868 0.0049
1413 0.9868 0.0049
1414 0.9868 0.0049
1415 0.9868 0.0049
1416 0.9868 0.0049
1417 0.9868 0.0049
1418 0.9868 0.0049
1419 0.9868 0.0049
1420 0.9869 0.0049
1421 0.9869 0.0049
1422 0.9869 0.0049
1423 0.987 0.0049
1424 0.987 0.0049
1425 0.987 0.0049
1426 0.987 0.0049
1427 0.9871 0.0049
1428 0.9871 0.0049
1429 0.9871 0.0049
1430 0.9871 0.0049
1431 0.9871 0.0049
1432 0.9871 0.0049
1433 0.9872 0.0049
1434 0.9872 0.0049
1435 0.9873 0.0049
1436 0.9873 0.0049
1437 0.9873 0.0049
1438 0.9873 0.0049
1439 0.9873 0.0049
1440 0.9873 0.0049
1441 0.9873 0.0049
1442 0.9873 0.0049
1443 0.9873 0.0049
1444 0.9874 0.0049
1445 0.9874 0.0049
1446 0.9874 0.0049
1447 0.9874 0.0049
1448 0.9874 0.0049
1449 0.9874 0.0049
1450 0.9874 0.0049
1451 0.9874 0.0049
1452 0.9874 0.0049
1453 0.9874 0.0049
1454 0.9874 0.0049
1455 0.9874 0.0049
1456 0.9874 0.0049
1457 0.9874 0.0049
1458 0.9874 0.0049
1459 0.9875 0.0049
1460 0.9874 0.0049
1461 0.9875 0.0049
1462 0.9874 0.0049
1463 0.9874 0.0049
1464 0.9874 0.0049
1465 0.9875 0.0049
1466 0.9875 0.0049
1467 0.9875 0.0049
1468 0.9874 0.0049
1469 0.9874 0.0049
1470 0.9874 0.0049
1471 0.9874 0.0049
1472 0.9874 0.0049
1473 0.9874 0.0049
1474 0.9874 0.0049
1475 0.9874 0.0049
1476 0.9874 0.0049
1477 0.9874 0.0049
1478 0.9874 0.0049
1479 0.9874 0.0049
1480 0.9874 0.0049
1481 0.9874 0.0049
1482 0.9874 0.0049
1483 0.9875 0.0049
1484 0.9874 0.0049
1485 0.9874 0.0049
1486 0.9874 0.0049
1487 0.9874 0.0049
1488 0.9874 0.0049
1489 0.9874 0.0049
1490 0.9874 0.0049
1491 0.9874 0.0049
1492 0.9874 0.0049
1493 0.9874 0.0049
1494 0.9874 0.0049
1495 0.9874 0.0049
1496 0.9874 0.0049
1497 0.9874 0.0049
1498 0.9874 0.0049
1499 0.9874 0.0049
1500 0.9874 0.0049
1501 0.9874 0.0088
1502 0.9874 0.0088
1503 0.9874 0.0088
1504 0.9874 0.0088
1505 0.9874 0.0088
1506 0.9874 0.0088
1507 0.9874 0.0088
1508 0.9874 0.0088
1509 0.9874 0.0088
1510 0.9874 0.0088
1511 0.9873 0.0088
1512 0.9874 0.0088
1513 0.9874 0.0088
1514 0.9874 0.0088
1515 0.9874 0.0088
1516 0.9874 0.0088
1517 0.9873 0.0088
1518 0.9874 0.0088
1519 0.9874 0.0088
1520 0.9873 0.0088
1521 0.9873 0.0088
1522 0.9873 0.0088
1523 0.9873 0.0088
1524 0.9873 0.0088
1525 0.9873 0.0088
1526 0.9873 0.0088
1527 0.9874 0.0088
1528 0.9873 0.0088
1529 0.9873 0.0088
1530 0.9873 0.0088
1531 0.9873 0.0088
1532 0.9873 0.0088
1533 0.9873 0.0088
1534 0.9873 0.0088
1535 0.9873 0.0088
1536 0.9873 0.0088
1537 0.9873 0.0088
1538 0.9873 0.0088
1539 0.9873 0.0088
1540 0.9873 0.0088
1541 0.9873 0.0088
1542 0.9873 0.0088
1543 0.9873 0.0088
1544 0.9873 0.0088
1545 0.9873 0.0088
1546 0.9872 0.0088
1547 0.9872 0.0088
1548 0.9873 0.0088
1549 0.9873 0.0088
1550 0.9872 0.0088
1551 0.9873 0.0088
1552 0.9873 0.0088
1553 0.9873 0.0088
1554 0.9872 0.0088
1555 0.9872 0.0088
1556 0.9872 0.0088
1557 0.9872 0.0088
1558 0.9873 0.0088
1559 0.9872 0.0088
1560 0.9872 0.0088
1561 0.9873 0.0088
1562 0.9872 0.0088
1563 0.9872 0.0088
1564 0.9872 0.0088
1565 0.9872 0.0088
1566 0.9873 0.0088
1567 0.9872 0.0088
1568 0.9872 0.0088
1569 0.9872 0.0088
1570 0.9872 0.0088
1571 0.9872 0.0088
1572 0.9872 0.0088
1573 0.9872 0.0088
1574 0.9872 0.0088
1575 0.9872 0.0088
1576 0.9872 0.0088
1577 0.9872 0.0088
1578 0.9872 0.0088
1579 0.9872 0.0088
1580 0.9872 0.0088
1581 0.9872 0.0088
1582 0.9872 0.0088
1583 0.9872 0.0088
1584 0.9871 0.0088
1585 0.9872 0.0088
1586 0.9872 0.0088
1587 0.9871 0.0088
1588 0.9871 0.0088
1589 0.9871 0.0088
1590 0.9871 0.0088
1591 0.9871 0.0088
1592 0.9871 0.0088
1593 0.9871 0.0088
1594 0.9871 0.0088
1595 0.9871 0.0088
1596 0.9871 0.0088
1597 0.9871 0.0088
1598 0.9871 0.0088
1599 0.987 0.0088
1600 0.987 0.0088
1601 0.987 0.0088
1602 0.987 0.0088
1603 0.9869 0.0088
1604 0.987 0.0088
1605 0.9869 0.0088
1606 0.9869 0.0088
1607 0.9869 0.0088
1608 0.9869 0.0088
1609 0.9869 0.0088
1610 0.9868 0.0088
1611 0.9868 0.0088
1612 0.9868 0.0088
1613 0.9868 0.0088
1614 0.9867 0.0088
1615 0.9867 0.0088
1616 0.9867 0.0088
1617 0.9867 0.0088
1618 0.9867 0.0088
1619 0.9866 0.0088
1620 0.9866 0.0088
1621 0.9866 0.0088
1622 0.9865 0.0088
1623 0.9865 0.0088
1624 0.9865 0.0088
1625 0.9864 0.0088
1626 0.9864 0.0088
1627 0.9864 0.0088
1628 0.9863 0.0088
1629 0.9863 0.0088
1630 0.9863 0.0088
1631 0.9863 0.0088
1632 0.9862 0.0088
1633 0.9862 0.0088
1634 0.9862 0.0088
1635 0.9861 0.0088
1636 0.9861 0.0088
1637 0.9861 0.0088
1638 0.9861 0.0088
1639 0.986 0.0088
1640 0.986 0.0088
1641 0.986 0.0088
1642 0.9859 0.0088
1643 0.9859 0.0088
1644 0.9859 0.0088
1645 0.9858 0.0088
1646 0.9858 0.0088
1647 0.9857 0.0088
1648 0.9857 0.0088
1649 0.9857 0.0088
1650 0.9856 0.0088
1651 0.9856 0.0088
1652 0.9856 0.0088
1653 0.9856 0.0088
1654 0.9855 0.0088
1655 0.9855 0.0088
1656 0.9855 0.0088
1657 0.9854 0.0088
1658 0.9854 0.0088
1659 0.9853 0.0088
1660 0.9853 0.0088
1661 0.9853 0.0088
1662 0.9852 0.0088
1663 0.9852 0.0088
1664 0.9851 0.0088
1665 0.9851 0.0088
1666 0.9851 0.0088
1667 0.985 0.0088
1668 0.985 0.0088
1669 0.985 0.0088
1670 0.985 0.0088
1671 0.9849 0.0088
1672 0.9849 0.0088
1673 0.9849 0.0088
1674 0.9849 0.0088
1675 0.9848 0.0088
1676 0.9848 0.0088
1677 0.9847 0.0088
1678 0.9847 0.0088
1679 0.9847 0.0088
1680 0.9846 0.0088
1681 0.9846 0.0088
1682 0.9846 0.0088
1683 0.9845 0.0088
1684 0.9845 0.0088
1685 0.9845 0.0088
1686 0.9844 0.0088
1687 0.9844 0.0088
1688 0.9843 0.0088
1689 0.9843 0.0088
1690 0.9843 0.0088
1691 0.9843 0.0088
1692 0.9842 0.0088
1693 0.9842 0.0088
1694 0.9842 0.0088
1695 0.9842 0.0088
1696 0.9841 0.0088
1697 0.9841 0.0088
1698 0.9841 0.0088
1699 0.984 0.0088
1700 0.984 0.0088
1701 0.984 0.0088
1702 0.984 0.0088
1703 0.9839 0.0088
1704 0.9839 0.0088
1705 0.9839 0.0088
1706 0.9838 0.0088
1707 0.9838 0.0088
1708 0.9838 0.0088
1709 0.9838 0.0088
1710 0.9838 0.0088
1711 0.9837 0.0088
1712 0.9837 0.0088
1713 0.9837 0.0088
1714 0.9837 0.0088
1715 0.9837 0.0088
1716 0.9837 0.0088
1717 0.9837 0.0088
1718 0.9837 0.0088
1719 0.9837 0.0088
1720 0.9837 0.0088
1721 0.9837 0.0088
1722 0.9837 0.0088
1723 0.9837 0.0088
1724 0.9837 0.0088
1725 0.9837 0.0088
1726 0.9838 0.0088
1727 0.9837 0.0088
1728 0.9837 0.0088
1729 0.9838 0.0088
1730 0.9838 0.0088
1731 0.9838 0.0088
1732 0.9838 0.0088
1733 0.9838 0.0088
1734 0.9838 0.0088
1735 0.9838 0.0088
1736 0.9838 0.0088
1737 0.9839 0.0088
1738 0.9839 0.0088
1739 0.9839 0.0088
1740 0.9839 0.0088
1741 0.9839 0.0088
1742 0.9839 0.0088
1743 0.984 0.0088
1744 0.984 0.0088
1745 0.984 0.0088
1746 0.984 0.0088
1747 0.9841 0.0088
1748 0.9841 0.0088
1749 0.9841 0.0088
1750 0.9841 0.0088
1751 0.9841 0.0088
1752 0.9842 0.0088
1753 0.9842 0.0088
1754 0.9842 0.0088
1755 0.9842 0.0088
1756 0.9842 0.0088
1757 0.9842 0.0088
1758 0.9842 0.0088
1759 0.9842 0.0088
1760 0.9843 0.0088
1761 0.9842 0.0088
1762 0.9842 0.0088
1763 0.9842 0.0088
1764 0.9842 0.0088
1765 0.9843 0.0088
1766 0.9843 0.0088
1767 0.9843 0.0088
1768 0.9843 0.0088
1769 0.9843 0.0088
1770 0.9842 0.0088
1771 0.9842 0.0088
1772 0.9842 0.0088
1773 0.9842 0.0088
1774 0.9842 0.0088
1775 0.9842 0.0088
1776 0.9842 0.0088
1777 0.9842 0.0088
1778 0.9842 0.0088
1779 0.9842 0.0088
1780 0.9842 0.0088
1781 0.9842 0.0088
1782 0.9842 0.0088
1783 0.9841 0.0088
1784 0.9841 0.0088
1785 0.9841 0.0088
1786 0.9841 0.0088
1787 0.9841 0.0088
1788 0.9841 0.0088
1789 0.9841 0.0088
1790 0.9841 0.0088
1791 0.984 0.0088
1792 0.984 0.0088
1793 0.9839 0.0088
1794 0.9839 0.0088
1795 0.9839 0.0088
1796 0.9838 0.0088
1797 0.9838 0.0088
1798 0.9837 0.0088
1799 0.9837 0.0088
1800 0.9837 0.0088
1801 0.9836 0.0088
1802 0.9836 0.0088
1803 0.9835 0.0088
1804 0.9834 0.0088
1805 0.9834 0.0088
1806 0.9833 0.0088
1807 0.9832 0.0088
1808 0.9831 0.0088
1809 0.9831 0.0088
1810 0.983 0.0088
1811 0.9829 0.0088
1812 0.9828 0.0088
1813 0.9827 0.0088
1814 0.9826 0.0088
1815 0.9825 0.0088
1816 0.9824 0.0088
1817 0.9823 0.0088
1818 0.9822 0.0088
1819 0.9821 0.0088
1820 0.982 0.0088
1821 0.9819 0.0088
1822 0.9818 0.0088
1823 0.9817 0.0088
1824 0.9816 0.0088
1825 0.9815 0.0088
1826 0.9814 0.0088
1827 0.9813 0.0088
1828 0.9811 0.0088
1829 0.9811 0.0088
1830 0.981 0.0088
1831 0.9809 0.0088
1832 0.9808 0.0088
1833 0.9807 0.0088
1834 0.9806 0.0088
1835 0.9805 0.0088
1836 0.9803 0.0088
1837 0.9802 0.0088
1838 0.9801 0.0088
1839 0.98 0.0088
1840 0.9799 0.0088
1841 0.9798 0.0088
1842 0.9797 0.0088
1843 0.9797 0.0088
1844 0.9796 0.0088
1845 0.9795 0.0088
1846 0.9794 0.0088
1847 0.9793 0.0088
1848 0.9792 0.0088
1849 0.9791 0.0088
1850 0.9791 0.0088
1851 0.979 0.0088
1852 0.979 0.0088
1853 0.9789 0.0088
1854 0.9789 0.0088
1855 0.9788 0.0088
1856 0.9787 0.0088
1857 0.9787 0.0088
1858 0.9786 0.0088
1859 0.9785 0.0088
1860 0.9785 0.0088
1861 0.9785 0.0088
1862 0.9784 0.0088
1863 0.9784 0.0088
1864 0.9783 0.0088
1865 0.9783 0.0088
1866 0.9783 0.0088
1867 0.9782 0.0088
1868 0.9782 0.0088
1869 0.9782 0.0088
1870 0.9781 0.0088
1871 0.9781 0.0088
1872 0.978 0.0088
1873 0.978 0.0088
1874 0.9779 0.0088
1875 0.9779 0.0088
1876 0.9779 0.0088
1877 0.9779 0.0088
1878 0.9778 0.0088
1879 0.9778 0.0088
1880 0.9778 0.0088
1881 0.9778 0.0088
1882 0.9777 0.0088
1883 0.9776 0.0088
1884 0.9776 0.0088
1885 0.9776 0.0088
1886 0.9776 0.0088
1887 0.9775 0.0088
1888 0.9776 0.0088
1889 0.9775 0.0088
1890 0.9775 0.0088
1891 0.9774 0.0088
1892 0.9774 0.0088
1893 0.9774 0.0088
1894 0.9774 0.0088
1895 0.9774 0.0088
1896 0.9773 0.0088
1897 0.9773 0.0088
1898 0.9773 0.0088
1899 0.9772 0.0088
1900 0.9772 0.0088
1901 0.9771 0.0088
1902 0.9771 0.0088
1903 0.9771 0.0088
1904 0.9771 0.0088
1905 0.9771 0.0088
1906 0.977 0.0088
1907 0.977 0.0088
1908 0.977 0.0088
1909 0.9769 0.0088
1910 0.9769 0.0088
1911 0.9769 0.0088
1912 0.9768 0.0088
1913 0.9768 0.0088
1914 0.9768 0.0088
1915 0.9768 0.0088
1916 0.9767 0.0088
1917 0.9767 0.0088
1918 0.9767 0.0088
1919 0.9767 0.0088
1920 0.9766 0.0088
1921 0.9766 0.0088
1922 0.9765 0.0088
1923 0.9765 0.0088
1924 0.9765 0.0088
1925 0.9765 0.0088
1926 0.9764 0.0088
1927 0.9764 0.0088
1928 0.9764 0.0088
1929 0.9763 0.0088
1930 0.9763 0.0088
1931 0.9763 0.0088
1932 0.9763 0.0088
1933 0.9763 0.0088
1934 0.9762 0.0088
1935 0.9762 0.0088
1936 0.9762 0.0088
1937 0.9761 0.0088
1938 0.9761 0.0088
1939 0.976 0.0088
1940 0.976 0.0088
1941 0.9759 0.0088
1942 0.9759 0.0088
1943 0.9759 0.0088
1944 0.9758 0.0088
1945 0.9757 0.0088
1946 0.9756 0.0088
1947 0.9756 0.0088
1948 0.9755 0.0088
1949 0.9755 0.0088
1950 0.9754 0.0088
1951 0.9753 0.0088
1952 0.9753 0.0088
1953 0.9752 0.0088
1954 0.9751 0.0088
1955 0.9751 0.0088
1956 0.975 0.0088
1957 0.9749 0.0088
1958 0.9748 0.0088
1959 0.9747 0.0088
1960 0.9747 0.0088
1961 0.9746 0.0088
1962 0.9745 0.0088
1963 0.9744 0.0088
1964 0.9743 0.0088
1965 0.9742 0.0088
1966 0.974 0.0088
1967 0.9739 0.0088
1968 0.9738 0.0088
1969 0.9737 0.0088
1970 0.9737 0.0088
1971 0.9736 0.0088
1972 0.9735 0.0088
1973 0.9733 0.0088
1974 0.9731 0.0088
1975 0.973 0.0088
1976 0.9729 0.0088
1977 0.9728 0.0088
1978 0.9727 0.0088
1979 0.9725 0.0088
1980 0.9725 0.0088
1981 0.9724 0.0088
1982 0.9722 0.0088
1983 0.9721 0.0088
1984 0.972 0.0088
1985 0.9719 0.0088
1986 0.9717 0.0088
1987 0.9716 0.0088
1988 0.9713 0.0088
1989 0.9713 0.0088
1990 0.9711 0.0088
1991 0.9709 0.0088
1992 0.9707 0.0088
1993 0.9705 0.0088
1994 0.9703 0.0088
1995 0.9702 0.0088
1996 0.97 0.0088
1997 0.9698 0.0088
1998 0.9696 0.0088
1999 0.9693 0.0088
2000 0.9692 0.0088
2001 0.969 0.0088
2002 0.9687 0.0088
2003 0.9685 0.0088
2004 0.9683 0.0088
2005 0.9681 0.0088
2006 0.9679 0.0088
2007 0.9676 0.0088
2008 0.9674 0.0088
2009 0.9672 0.0088
2010 0.9669 0.0088
2011 0.9667 0.0088
2012 0.9664 0.0088
2013 0.9662 0.0088
2014 0.9659 0.0088
2015 0.9657 0.0088
2016 0.9654 0.0088
2017 0.9651 0.0088
2018 0.9649 0.0088
2019 0.9646 0.0088
2020 0.9643 0.0088
2021 0.964 0.0088
2022 0.9638 0.0088
2023 0.9634 0.0088
2024 0.9632 0.0088
2025 0.9629 0.0088
2026 0.9627 0.0088
2027 0.9625 0.0088
2028 0.9623 0.0088
2029 0.962 0.0088
2030 0.9617 0.0088
2031 0.9615 0.0088
2032 0.9612 0.0088
2033 0.961 0.0088
2034 0.9607 0.0088
2035 0.9604 0.0088
2036 0.9601 0.0088
2037 0.9599 0.0088
2038 0.9596 0.0088
2039 0.9594 0.0088
2040 0.959 0.0088
2041 0.9588 0.0088
2042 0.9586 0.0088
2043 0.9583 0.0088
2044 0.9581 0.0088
2045 0.9578 0.0088
2046 0.9577 0.0088
2047 0.9574 0.0088
2048 0.9572 0.0088
2049 0.957 0.0088
2050 0.9568 0.0088
2051 0.9566 0.0088
2052 0.9564 0.0088
2053 0.9561 0.0088
2054 0.9558 0.0088
2055 0.9556 0.0088
2056 0.9554 0.0088
2057 0.9553 0.0088
2058 0.9551 0.0088
2059 0.9549 0.0088
2060 0.9547 0.0088
2061 0.9546 0.0088
2062 0.9543 0.0088
2063 0.9542 0.0088
2064 0.9539 0.0088
2065 0.9537 0.0088
2066 0.9537 0.0088
2067 0.9534 0.0088
2068 0.9532 0.0088
2069 0.9531 0.0088
2070 0.9529 0.0088
2071 0.9527 0.0088
2072 0.9525 0.0088
2073 0.9525 0.0088
2074 0.9521 0.0088
2075 0.952 0.0088
2076 0.9519 0.0088
2077 0.9517 0.0088
2078 0.9514 0.0088
2079 0.9514 0.0088
2080 0.9511 0.0088
2081 0.9511 0.0088
2082 0.9509 0.0088
2083 0.9508 0.0088
2084 0.9504 0.0088
2085 0.9504 0.0088
2086 0.9501 0.0088
2087 0.9499 0.0088
2088 0.95 0.0088
2089 0.9497 0.0088
2090 0.9495 0.0088
2091 0.9493 0.0088
2092 0.9492 0.0088
2093 0.949 0.0088
2094 0.9488 0.0088
2095 0.9486 0.0088
2096 0.9486 0.0088
2097 0.9483 0.0088
2098 0.9482 0.0088
2099 0.948 0.0088
2100 0.9477 0.0088
2101 0.9476 0.0088
2102 0.9474 0.0088
2103 0.9472 0.0088
2104 0.9471 0.0088
2105 0.9467 0.0088
2106 0.9466 0.0088
2107 0.9464 0.0088
2108 0.9463 0.0088
2109 0.946 0.0088
2110 0.946 0.0088
2111 0.9457 0.0088
2112 0.9453 0.0088
2113 0.9452 0.0088
2114 0.9451 0.0088
2115 0.9449 0.0088
2116 0.9448 0.0088
2117 0.9444 0.0088
2118 0.944 0.0088
2119 0.9439 0.0088
2120 0.9438 0.0088
2121 0.9435 0.0088
2122 0.9433 0.0088
2123 0.9431 0.0088
2124 0.9431 0.0088
2125 0.9428 0.0088
2126 0.9427 0.0088
2127 0.9426 0.0088
2128 0.9423 0.0088
2129 0.9423 0.0088
2130 0.9418 0.0088
2131 0.9417 0.0088
2132 0.9417 0.0088
2133 0.9415 0.0088
2134 0.9414 0.0088
2135 0.9414 0.0088
2136 0.9415 0.0088
2137 0.9415 0.0088
2138 0.9414 0.0088
2139 0.9415 0.0088
2140 0.9416 0.0088
2141 0.9418 0.0088
2142 0.9418 0.0088
2143 0.942 0.0088
2144 0.9421 0.0088
2145 0.9422 0.0088
2146 0.9422 0.0088
2147 0.9426 0.0088
2148 0.9427 0.0088
2149 0.9429 0.0088
2150 0.9432 0.0088
2151 0.9433 0.0088
2152 0.9435 0.0088
2153 0.9441 0.0088
2154 0.9443 0.0088
2155 0.9445 0.0088
2156 0.9448 0.0088
2157 0.9453 0.0088
2158 0.9455 0.0088
2159 0.9458 0.0088
2160 0.9462 0.0088
2161 0.9467 0.0088
2162 0.9471 0.0088
2163 0.9474 0.0088
2164 0.9478 0.0088
2165 0.9483 0.0088
2166 0.9487 0.0088
2167 0.9491 0.0088
2168 0.9495 0.0088
2169 0.9499 0.0088
2170 0.9504 0.0088
2171 0.9508 0.0088
2172 0.9511 0.0088
2173 0.9515 0.0088
2174 0.9519 0.0088
2175 0.9524 0.0088
2176 0.9528 0.0088
2177 0.9531 0.0088
2178 0.9536 0.0088
2179 0.954 0.0088
2180 0.9546 0.0088
2181 0.9548 0.0088
2182 0.9553 0.0088
2183 0.9556 0.0088
2184 0.956 0.0088
2185 0.9563 0.0088
2186 0.9566 0.0088
2187 0.957 0.0088
2188 0.9574 0.0088
2189 0.9577 0.0088
2190 0.958 0.0088
2191 0.9582 0.0088
2192 0.9586 0.0088
2193 0.9589 0.0088
2194 0.9592 0.0088
2195 0.9594 0.0088
2196 0.9596 0.0088
2197 0.9599 0.0088
2198 0.9602 0.0088
2199 0.9603 0.0088
2200 0.961 0.0088
2201 0.9612 0.032
2202 0.961 0.032
2203 0.9612 0.032
2204 0.9614 0.032
2205 0.9614 0.032
2206 0.9616 0.032
2207 0.9618 0.032
2208 0.962 0.032
2209 0.9621 0.032
2210 0.9623 0.032
2211 0.9624 0.032
2212 0.9625 0.032
2213 0.9626 0.032
2214 0.9628 0.032
2215 0.9628 0.032
2216 0.9629 0.032
2217 0.963 0.032
2218 0.963 0.032
2219 0.963 0.032
2220 0.9631 0.032
2221 0.9632 0.032
2222 0.9631 0.032
2223 0.9632 0.032
2224 0.9632 0.032
2225 0.9632 0.032
2226 0.9632 0.032
2227 0.9632 0.032
2228 0.9631 0.032
2229 0.9631 0.032
2230 0.9632 0.032
2231 0.9632 0.032
2232 0.9632 0.032
2233 0.9631 0.032
2234 0.9631 0.032
2235 0.9629 0.032
2236 0.9629 0.032
2237 0.9629 0.032
2238 0.9629 0.032
2239 0.9628 0.032
2240 0.9628 0.032
2241 0.9628 0.032
2242 0.9626 0.032
2243 0.9625 0.032
2244 0.9626 0.032
2245 0.9624 0.032
2246 0.9623 0.032
2247 0.9623 0.032
2248 0.9621 0.032
2249 0.962 0.032
2250 0.9621 0.032
2251 0.962 0.032
2252 0.9619 0.032
2253 0.9619 0.032
2254 0.9618 0.032
2255 0.9617 0.032
2256 0.9615 0.032
2257 0.9615 0.032
2258 0.9614 0.032
2259 0.9613 0.032
2260 0.9612 0.032
2261 0.9611 0.032
2262 0.9609 0.032
2263 0.9608 0.032
2264 0.9607 0.032
2265 0.9607 0.032
2266 0.9606 0.032
2267 0.9604 0.032
2268 0.9603 0.032
2269 0.9602 0.032
2270 0.9601 0.032
2271 0.96 0.032
2272 0.9598 0.032
2273 0.9598 0.032
2274 0.9598 0.032
2275 0.9595 0.032
2276 0.9594 0.032
2277 0.9594 0.032
2278 0.9594 0.032
2279 0.9591 0.032
2280 0.9589 0.032
2281 0.9588 0.032
2282 0.9585 0.032
2283 0.9584 0.032
2284 0.9581 0.032
2285 0.9579 0.032
2286 0.9578 0.032
2287 0.9576 0.032
2288 0.9574 0.032
2289 0.9572 0.032
2290 0.957 0.032
2291 0.9569 0.032
2292 0.9566 0.032
2293 0.9564 0.032
2294 0.9562 0.032
2295 0.9559 0.032
2296 0.9558 0.032
2297 0.9557 0.032
2298 0.9555 0.032
2299 0.9551 0.032
2300 0.955 0.032
2301 0.9547 0.032
2302 0.9545 0.032
2303 0.9544 0.032
2304 0.9542 0.032
2305 0.9538 0.032
2306 0.9537 0.032
2307 0.9535 0.032
2308 0.9535 0.032
2309 0.9532 0.032
2310 0.9527 0.032
2311 0.9526 0.032
2312 0.9525 0.032
2313 0.9522 0.032
2314 0.9521 0.032
2315 0.9518 0.032
2316 0.9514 0.032
2317 0.9514 0.032
2318 0.9512 0.032
2319 0.9509 0.032
2320 0.9507 0.032
2321 0.9504 0.032
2322 0.9501 0.032
2323 0.9498 0.032
2324 0.9498 0.032
2325 0.9495 0.032
2326 0.9493 0.032
2327 0.9489 0.032
2328 0.9486 0.032
2329 0.9483 0.032
2330 0.9483 0.032
2331 0.9478 0.032
2332 0.9476 0.032
2333 0.9475 0.032
2334 0.9472 0.032
2335 0.9468 0.032
2336 0.9466 0.032
2337 0.9464 0.032
2338 0.9463 0.032
2339 0.9459 0.032
2340 0.9456 0.032
2341 0.9454 0.032
2342 0.9453 0.032
2343 0.945 0.032
2344 0.9447 0.032
2345 0.9445 0.032
2346 0.9444 0.032
2347 0.9441 0.032
2348 0.9439 0.032
2349 0.9439 0.032
2350 0.9437 0.032
2351 0.9433 0.032
2352 0.9431 0.032
2353 0.943 0.032
2354 0.9429 0.032
2355 0.9429 0.032
2356 0.9426 0.032
2357 0.9424 0.032
2358 0.9424 0.032
2359 0.9421 0.032
2360 0.942 0.032
2361 0.9417 0.032
2362 0.9417 0.032
2363 0.9416 0.032
2364 0.9418 0.032
2365 0.9414 0.032
2366 0.9412 0.032
2367 0.9413 0.032
2368 0.9409 0.032
2369 0.9407 0.032
2370 0.9409 0.032
2371 0.9409 0.032
2372 0.9405 0.032
2373 0.9405 0.032
2374 0.9404 0.032
2375 0.9403 0.032
2376 0.94 0.032
2377 0.9399 0.032
2378 0.9399 0.032
2379 0.9401 0.032
2380 0.9399 0.032
2381 0.9401 0.032
2382 0.94 0.032
2383 0.9399 0.032
2384 0.9402 0.032
2385 0.94 0.032
2386 0.9397 0.032
2387 0.9395 0.032
2388 0.9396 0.032
2389 0.9393 0.032
2390 0.9397 0.032
2391 0.9393 0.032
2392 0.9393 0.032
2393 0.9389 0.032
2394 0.9391 0.032
2395 0.9394 0.032
2396 0.9388 0.032
2397 0.9389 0.032
2398 0.9388 0.032
2399 0.9388 0.032
2400 0.939 0.032
2401 0.9387 0.032
2402 0.9391 0.032
2403 0.9387 0.032
2404 0.939 0.032
2405 0.9391 0.032
2406 0.9384 0.032
2407 0.9386 0.032
2408 0.9386 0.032
2409 0.9392 0.032
2410 0.9388 0.032
2411 0.9388 0.032
2412 0.9385 0.032
2413 0.9389 0.032
2414 0.9389 0.032
2415 0.9379 0.032
2416 0.9387 0.032
2417 0.9384 0.032
2418 0.9381 0.032
2419 0.9386 0.032
2420 0.9381 0.032
2421 0.9385 0.032
2422 0.9384 0.032
2423 0.9383 0.032
2424 0.9384 0.032
2425 0.9383 0.032
2426 0.938 0.032
2427 0.9378 0.032
2428 0.9378 0.032
2429 0.9387 0.032
2430 0.9383 0.032
2431 0.938 0.032
2432 0.9381 0.032
2433 0.9382 0.032
2434 0.9382 0.032
2435 0.9381 0.032
2436 0.9384 0.032
2437 0.9382 0.032
2438 0.9376 0.032
2439 0.938 0.032
2440 0.9381 0.032
2441 0.9386 0.032
2442 0.938 0.032
2443 0.9381 0.032
2444 0.938 0.032
2445 0.9374 0.032
2446 0.9378 0.032
2447 0.938 0.032
2448 0.9379 0.032
2449 0.938 0.032
2450 0.9379 0.032
2451 0.9369 0.032
2452 0.9382 0.032
2453 0.9369 0.032
2454 0.9381 0.032
2455 0.9386 0.032
2456 0.9375 0.032
2457 0.9377 0.032
2458 0.9383 0.032
2459 0.9377 0.032
2460 0.9375 0.032
2461 0.939 0.032
2462 0.938 0.032
2463 0.9372 0.032
2464 0.9386 0.032
2465 0.9363 0.032
2466 0.9381 0.032
2467 0.9381 0.032
2468 0.937 0.032
2469 0.9387 0.032
2470 0.9386 0.032
2471 0.9368 0.032
2472 0.9376 0.032
2473 0.9382 0.032
2474 0.9369 0.032
2475 0.9368 0.032
2476 0.9394 0.032
2477 0.9377 0.032
2478 0.9368 0.032
2479 0.9375 0.032
2480 0.9355 0.032
2481 0.9348 0.032
2482 0.9342 0.032
2483 0.9348 0.032
2484 0.9371 0.032
2485 0.9379 0.032
2486 0.9361 0.032
2487 0.9379 0.032
2488 0.9362 0.032
2489 0.9322 0.032
2490 0.9375 0.032
2491 0.9354 0.032
2492 0.9358 0.032
2493 0.9371 0.032
2494 0.9321 0.032
2495 0.935 0.032
2496 0.9356 0.032
2497 0.9386 0.032
2498 0.9341 0.032
2499 0.9393 0.032
2500 0.9316 0.032